point.id,motherset,origin,original.label,diff.score,ground.truth,V,V.1,V.2,V.3,V.4,V.5,V.6,V.7,noise..1,noise..2,noise..3
concrete_point_0650,concrete,regression,6.9,0.344992764929791,nominal,-1.09436266997254,2.04341121739205,-0.846732596814649,1.02709066032118,-1.03863825410222,0.0344814356619426,-1.01003424333647,-0.675355321142161,-0.501221786288474,0.39716395611704,-0.856471824489096
concrete_point_0510,concrete,regression,72.1,0.377466260687199,anomaly,1.36673145805791,-0.601486105378844,1.21586395356554,-0.635344323749429,0.451190386342648,-1.94098080341264,-0.294109100942836,-0.279597287383783,-0.501221786288474,-0.410512011421264,2.04109316540014
concrete_point_0667,concrete,regression,12.79,0.353314683124264,nominal,-0.853229030678735,2.4815230438633,-0.846732596814649,0.488555383791262,-1.03863825410222,-0.554556133020452,-0.716929002112595,-0.675355321142161,-0.279597287383783,0.71354658034383,2.15699576499571
concrete_point_0976,concrete,regression,43.58,0.329026468345042,anomaly,-0.0398814378226377,0.497270538787154,0.575208964432297,0.422994567518055,0.133137081079136,-0.339776058850234,-1.34679345665752,-0.279597287383783,-0.675355321142161,1.06851245142754,-0.698844289039122
concrete_point_0102,concrete,regression,34.9,0.471551708032748,anomaly,1.02799610762137,0.268942417583882,-0.846732596814649,-1.10831878400614,0.986859110996984,-1.55386222661482,1.89732029833524,-0.61203403574082,-0.279597287383783,0.0602036002332262,1.06751132879735
concrete_point_0595,concrete,regression,24.44,0.4219957702055,nominal,0.334258454891167,1.58559594898955,-0.846732596814649,0.19353171056183,-1.03863825410222,0.0524869508618408,-1.05119370274238,-0.61203403574082,0.860185849840345,-1.55386222661482,0.280532677543439
concrete_point_0881,concrete,regression,12.18,0.347363351935885,nominal,-1.2359808390816,-0.856471824489096,0.903349324720054,0.113922147944365,0.300533557533616,0.245403185146468,0.529080087175279,-0.279597287383783,-0.279597287383783,-0.229170751193714,-0.856471824489096
concrete_point_0312,concrete,regression,39.94,0.319164302592351,anomaly,0.139055032605704,-0.856471824489096,0.647087329066758,-0.471442283066412,0.451190386342648,-0.229170751193714,1.06789482848896,-0.279597287383783,-0.279597287383783,1.95592712913683,-0.856471824489096
concrete_point_0780,concrete,regression,25.18,0.334718029786346,nominal,0.132356875958654,-0.856471824489096,-0.846732596814649,0.160751302425227,-1.03863825410222,1.23570652114089,-0.0571303952724697,-0.279597287383783,-0.279597287383783,-0.253606807536433,-0.856471824489096
concrete_point_0961,concrete,regression,40.93,0.33069372691206,anomaly,0.0271001286478645,0.530882292669869,-0.846732596814649,-0.62129557740517,0.166616376370032,-0.0323961922233953,0.257178203827175,-0.279597287383783,-0.279597287383783,1.95592712913683,-0.856471824489096
concrete_point_0810,concrete,regression,19.69,0.216009522362171,nominal,-0.279101318074431,-0.856471824489096,-0.846732596814649,0.160751302425227,-1.03863825410222,1.77587197713784,0.129958056572557,-0.279597287383783,0.701882636336994,0.952762710856766,-0.856471824489096
concrete_point_0542,concrete,regression,15.62,0.344139968325254,nominal,0.49597109394138,-0.856471824489096,-0.846732596814649,0.488555383791262,-1.03863825410222,-0.536550617820553,0.860850275113793,-0.675355321142161,0.1636517104256,1.3643173439973,-0.856471824489096
concrete_point_0407,concrete,regression,14.4,0.366747031785519,nominal,-1.11158650135067,-0.856471824489096,1.39712243829592,-0.83202677256905,-1.03863825410222,0.420313904231196,1.58800072461813,-0.675355321142161,-0.61203403574082,-0.52626175199204,-0.856471824489096
concrete_point_0446,concrete,regression,36.56,0.391861580847836,anomaly,-1.11158650135067,-0.856471824489096,1.39712243829592,-0.83202677256905,-1.03863825410222,0.420313904231196,1.58800072461813,0.1636517104256,-0.279597287383783,-0.0632627897089354,-0.856471824489096
concrete_point_0922,concrete,regression,9.74,0.34896022035185,nominal,-1.20727445345139,-0.856471824489096,1.38774699943055,0.535384538272125,0.467930033988096,-1.23362127770234,1.1776533869047,-0.279597287383783,0.1636517104256,1.10323737359878,1.36885808774584
concrete_point_0756,concrete,regression,71.62,0.388909128646474,anomaly,2.47671170242623,-0.856471824489096,-0.846732596814649,-0.401198551345119,-1.03863825410222,1.95592712913683,-2.00285029446074,2.12661155786715,-0.279597287383783,-0.0967016036516043,-0.856471824489096
concrete_point_0049,concrete,regression,26.26,0.400549167204179,nominal,-0.417848848620471,1.89621491590568,-0.846732596814649,2.1744049451023,-1.03863825410222,-0.52626175199204,-2.23982900013111,-0.61203403574082,-0.279597287383783,-0.768050098962105,-0.856471824489096
concrete_point_0538,concrete,regression,43.94,0.33363583107628,anomaly,1.90258398982193,-0.856471824489096,-0.846732596814649,0.488555383791262,-1.03863825410222,-0.472245206392344,-0.765571999592302,-0.279597287383783,-0.675355321142161,-1.21818797895957,-0.601486105378844
concrete_point_0812,concrete,regression,27.92,0.370704981585776,nominal,0.27588880410973,-0.856471824489096,-0.846732596814649,0.488555383791262,-1.03863825410222,-0.0375406251376518,0.953147244690672,-0.279597287383783,0.860185849840345,-0.0632627897089354,1.91012322785714
concrete_point_0621,concrete,regression,29.79,0.404203599241449,nominal,-0.259963727654288,-0.856471824489096,-0.846732596814649,0.769530310676435,-1.03863825410222,-0.0632627897089354,1.11529056962303,5.05522100767915,-0.279597287383783,0.952762710856766,-0.368521880191749
concrete_point_0202,concrete,regression,26.4,0.385550399459319,nominal,-0.865668464451829,-0.856471824489096,1.11273412604653,-0.911636335186516,0.26705426224272,1.50578924913936,0.379409325699258,-0.279597287383783,0.1636517104256,-0.362926006964389,-0.305934476410142
concrete_point_0112,concrete,regression,55.9,0.244829175263029,anomaly,0.779207432159503,1.33408730786716,-0.846732596814649,-0.780514702640102,0.903160872769744,-0.362926006964389,-0.221768232896093,-0.61203403574082,-0.675355321142161,-2.20591909849686,-0.624666625297958
concrete_point_0527,concrete,regression,23.64,0.495078668343549,nominal,0.744759769403245,-0.636256885257514,1.356495536546,-1.2909524864815,0.785983339251608,-0.397650929135622,0.341991635330253,-0.675355321142161,-0.501221786288474,-0.362926006964389,-0.368521880191749
concrete_point_0828,concrete,regression,50.51,0.378779880972545,anomaly,2.30447338864494,-0.856471824489096,-0.846732596814649,-1.6655857223284,-1.03863825410222,-0.989260714275145,1.52688516368209,-0.61203403574082,0.860185849840345,1.95592712913683,1.33408730786716
concrete_point_0212,concrete,regression,24.48,0.336270966337782,nominal,-0.489614812696009,-0.856471824489096,1.00179143280638,0.65245742447428,-0.268614462411616,0.726407662629472,-0.186845055218354,-0.279597287383783,-0.61203403574082,-0.0761238719945772,-0.856471824489096
concrete_point_0839,concrete,regression,27.68,0.347467823438162,nominal,-1.1689992726111,0.870476909484887,0.965852250489151,-0.307540242383394,1.47230889271498,-0.256179023993562,-0.668286004632889,-0.279597287383783,-0.61203403574082,0.429316661831145,0.795140219747767
concrete_point_1022,concrete,regression,31.88,0.334840705531742,nominal,0.162977020630883,-0.856471824489096,0.825220667508684,1.31743141810252,0.819462634542504,-1.20018246375967,-0.366449968989579,-0.279597287383783,-0.675355321142161,0.422886120688324,0.820638791658792
concrete_point_0114,concrete,regression,59.09,0.321655153405736,anomaly,1.04043554139446,1.33408730786716,-0.846732596814649,-1.67026863777648,2.64408422789634,-0.362926006964389,-0.221768232896093,-0.61203403574082,3.55134047939731,-2.21106353141111,0.267783391587926
concrete_point_0920,concrete,regression,25.1,0.347513626947457,nominal,0.304595189739945,-0.856471824489096,-0.846732596814649,-0.167052778940808,0.300533557533616,0.348291843431602,0.60391546791329,-0.279597287383783,-0.279597287383783,1.037645853942,0.781231907796299
concrete_point_0208,concrete,regression,34.2,0.416029253959828,nominal,-0.660896246956293,-0.856471824489096,1.05335634656589,-0.0593457236348242,-0.0844783383116881,1.08909018308457,0.0713370083277811,0.1636517104256,-0.501221786288474,0.00618705463353004,-0.856471824489096
concrete_point_0724,concrete,regression,27.83,0.372648644999501,nominal,0.27588880410973,-0.856471824489096,-0.846732596814649,0.488555383791262,-1.03863825410222,0.502624830859304,0.70369597556397,-0.279597287383783,-0.61203403574082,1.0556513691419,-0.856471824489096
concrete_point_0999,concrete,regression,30.12,0.348419546912855,nominal,0.226131069017357,-0.856471824489096,0.709590254835855,0.675872001714711,0.60184721515168,-0.173868097365455,-0.852879943786647,-0.279597287383783,-0.279597287383783,-0.52626175199204,0.244602871668813
concrete_point_0630,concrete,regression,11.17,0.371639204358589,nominal,-0.537458788746368,-0.856471824489096,-0.846732596814649,-0.0265653154982213,-1.03863825410222,1.80159414170912,0.741113665932976,-0.61203403574082,0.1636517104256,-0.397650929135622,-0.856471824489096
concrete_point_0085,concrete,regression,28.3,0.504821764275354,nominal,0.406981298487712,2.42125369207361,-0.846732596814649,0.104556317048193,0.68554545337892,-0.388648171535672,-1.41788706835863,-0.675355321142161,-0.279597287383783,-1.43939859427261,-0.856471824489096
concrete_point_0836,concrete,regression,15.42,0.347434868216118,nominal,-1.31253120076218,-0.856471824489096,1.88777040558333,-1.10363586855805,1.97449832207842,-0.38478984684998,0.878311863952661,-0.279597287383783,-0.279597287383783,0.669818900572647,1.33408730786716
concrete_point_0941,concrete,regression,31.42,0.353207917407117,nominal,0.141925671168725,-0.856471824489096,0.820532948076001,1.86533252552861,0.719024748669816,-1.97699183381243,0.0601117012170798,-0.279597287383783,-0.279597287383783,1.037645853942,-0.601486105378844
concrete_point_0709,concrete,regression,6.28,0.346417484885374,nominal,-1.58045746664419,1.14864314851425,-0.846732596814649,0.488555383791262,-1.03863825410222,-0.811777778733288,1.47574765351111,-0.675355321142161,-0.279597287383783,1.95592712913683,-0.367362854195794
concrete_point_0626,concrete,regression,32.92,0.431486808481238,nominal,0.247182418479514,-0.856471824489096,-0.846732596814649,0.535384538272125,-1.03863825410222,-0.0632627897089354,0.479189833349939,0.701882636336994,-0.279597287383783,-0.397650929135622,0.564494046552584
concrete_point_0467,concrete,regression,33.56,0.445306070435113,nominal,-0.869495982535857,-0.856471824489096,1.10960897975807,-0.700905140022636,0.618586862797128,1.3643173439973,0.315799252071949,0.860185849840345,-0.501221786288474,0.428030553602582,-0.856471824489096
concrete_point_0437,concrete,regression,33.69,0.38054658904775,nominal,-1.04077741679614,-0.698844289039122,1.84714350383341,-1.15983085393508,-0.352312700638856,0.429316661831145,1.03297165081122,-0.279597287383783,-0.279597287383783,-0.52626175199204,-0.856471824489096
concrete_point_0889,concrete,regression,19.01,0.347496021672772,nominal,-1.22641204387153,0.824115869646659,-0.846732596814649,-0.167052778940808,0.300533557533616,0.348291843431602,0.60391546791329,-0.279597287383783,-0.279597287383783,-0.52626175199204,-0.856471824489096
concrete_point_0533,concrete,regression,32.07,0.414436629406564,nominal,0.0749441046982231,-0.856471824489096,-0.846732596814649,0.488555383791262,-1.03863825410222,-0.768050098962105,1.51815436926265,0.701882636336994,-0.675355321142161,0.870451784228658,1.57748276701786
concrete_point_0409,concrete,regression,20.73,0.370392916670657,nominal,-0.98719216361974,0.647943918261394,1.00647915223906,-0.0780773854271694,-0.436010938866096,0.442177744116787,-0.334021304003109,-0.675355321142161,-0.675355321142161,-1.09214937256028,0.226058455733522
concrete_point_0429,concrete,regression,24.66,0.276550541065231,nominal,-0.298238908494575,-0.856471824489096,0.648649902210986,0.479189552895091,-0.15143692889348,-0.308909461364694,1.04294970157629,-0.501221786288474,-0.279597287383783,-0.52626175199204,0.0243879324372308
concrete_point_0692,concrete,regression,6.81,0.345768717715187,nominal,-0.661853126477301,0.781231907796299,-0.846732596814649,1.02709066032118,-1.03863825410222,0.00618705463353004,-0.294109100942836,-0.675355321142161,-0.279597287383783,0.0524869508618408,-0.856471824489096
concrete_point_0781,concrete,regression,17.54,0.232294500734498,nominal,-0.413064451015435,-0.856471824489096,-0.846732596814649,0.160751302425227,-1.03863825410222,1.86589955313733,0.192320873854232,-0.279597287383783,-0.279597287383783,-0.52626175199204,0.375572809211806
concrete_point_0631,concrete,regression,17.34,0.371832760877851,nominal,-0.537458788746368,-0.856471824489096,-0.846732596814649,-0.0265653154982213,-1.03863825410222,1.80159414170912,0.741113665932976,-0.279597287383783,-0.279597287383783,-0.397650929135622,-0.856471824489096
concrete_point_0418,concrete,regression,12.18,0.340015602298131,nominal,-0.827393283611542,-0.856471824489096,0.723653413133902,-0.532320183891533,0.216835319306376,0.322569678860318,1.59922603172883,-0.675355321142161,-0.279597287383783,-0.52626175199204,-0.856471824489096
concrete_point_0502,concrete,regression,25.61,0.353194627112286,nominal,2.00784073713271,-0.555125065540616,1.07523237058507,1.33148016444678,-0.385791995929752,-1.16931586627413,-0.930209837215925,-0.675355321142161,-0.279597287383783,-0.335917734164542,0.759210413873141
concrete_point_0825,concrete,regression,21.75,0.356139063962593,nominal,0.199338442429156,-0.856471824489096,-0.846732596814649,1.00367608308075,-1.03863825410222,0.0139037040049154,0.541552650631614,-0.279597287383783,-0.675355321142161,0.422886120688324,0.487998330819508
concrete_point_0784,concrete,regression,29.39,0.412719391229158,nominal,0.141925671168725,-0.856471824489096,-0.846732596814649,0.488555383791262,-1.03863825410222,1.44148383771115,-0.10702064909781,0.701882636336994,-0.675355321142161,-0.397650929135622,-0.856471824489096
concrete_point_0955,concrete,regression,13.46,0.350680372274298,nominal,-1.2484202728547,-0.856471824489096,2.04871543943875,-0.696222224574551,1.57274677858766,1.30644247371192,-1.19213366979896,-0.279597287383783,-0.61203403574082,-1.33522382775891,1.47201140138589
concrete_point_0837,concrete,regression,33.42,0.348347155139005,nominal,0.218476032849299,0.766164569848875,-0.846732596814649,1.51879678237023,-0.0342593953753441,-1.00212179656079,-0.643340877720219,-0.279597287383783,-0.675355321142161,0.0524869508618408,-0.856471824489096
concrete_point_0565,concrete,regression,21.07,0.401697657968414,nominal,-1.17091303165312,1.90432809787737,-0.846732596814649,0.19353171056183,-1.03863825410222,0.870451784228658,-0.489928347207298,-0.279597287383783,-0.675355321142161,1.50578924913936,1.25179646215431
concrete_point_0220,concrete,regression,10.76,0.368247756359897,nominal,-1.10106082661959,-0.856471824489096,1.70494934770872,-0.237296510662101,-0.285354110057064,1.10195126537021,0.08131505909285,-0.675355321142161,-0.279597287383783,0.0344814356619426,-0.856471824489096
concrete_point_0477,concrete,regression,25.02,0.591344589950323,nominal,1.57724495267949,-0.57830558545973,0.387700187125008,-0.916319250634602,0.903160872769744,-0.0761238719945772,-0.768066512283569,-0.675355321142161,0.701882636336994,0.951476602628203,1.07910158875691
concrete_point_0993,concrete,regression,15.42,0.347432641539532,nominal,-1.31635871884621,-0.856471824489096,1.8862078324391,-1.08490420676571,1.95775867443297,-0.388648171535672,0.884548145680829,-0.279597287383783,-0.61203403574082,-0.0748377637660127,0.230694559717344
concrete_point_0369,concrete,regression,56.63,0.388907769653793,anomaly,-0.634103620368093,-0.232915838664933,1.05804406599857,-1.21602583931212,0.568367919860784,0.532205320116279,0.0875513408210176,0.860185849840345,-0.279597287383783,-1.16931586627413,-0.856471824489096
concrete_point_0775,concrete,regression,11.47,0.342879259663667,nominal,0.964842059234895,-0.856471824489096,-0.846732596814649,0.20758045690609,-1.03863825410222,1.77587197713784,0.129958056572557,-0.61203403574082,-0.279597287383783,0.909035031085583,0.63287658031397
concrete_point_0531,concrete,regression,66.78,0.325606838670804,anomaly,0.744759769403245,-0.636256885257514,1.356495536546,-1.2909524864815,0.785983339251608,-0.397650929135622,0.341991635330253,0.1636517104256,0.1636517104256,-1.06899942444612,-0.856471824489096
concrete_point_0516,concrete,regression,21.97,0.394061552327173,nominal,-0.757541078578018,-0.72897896493397,1.356495536546,1.14416354652333,-0.754064244129608,-0.397650929135622,0.341991635330253,-0.279597287383783,-0.675355321142161,0.0653480331474826,0.497270538787154
concrete_point_0592,concrete,regression,19.77,0.21489815867502,nominal,-0.274316920469395,-0.856471824489096,-0.846732596814649,0.19353171056183,-1.03863825410222,1.78358862650923,0.133699825609457,-0.279597287383783,-0.279597287383783,-1.62202596272872,1.54271198713919
concrete_point_0906,concrete,regression,13.29,0.347117252465192,nominal,-1.39865035765282,-0.856471824489096,1.74713882260286,-0.0733944699790834,0.635326510442576,-0.153290365708428,0.391881889155593,-0.279597287383783,-0.61203403574082,-0.7539029084479,-0.856471824489096
concrete_point_0776,concrete,regression,22.44,0.271367004855788,nominal,-0.00160625698235075,-0.856471824489096,-0.846732596814649,0.20758045690609,-1.03863825410222,1.68584440113835,0.00523242200920574,-0.279597287383783,-0.279597287383783,0.909035031085583,-0.856471824489096
concrete_point_0670,concrete,regression,16.11,0.354815511873889,nominal,0.0653753094881514,1.36885808774584,-0.846732596814649,0.488555383791262,-1.03863825410222,-0.52626175199204,-0.695725644236826,-0.675355321142161,-0.61203403574082,-0.388648171535672,-0.856471824489096
concrete_point_0645,concrete,regression,34.29,0.364623855139291,nominal,0.658640612512599,-0.856471824489096,-0.846732596814649,0.20758045690609,-1.03863825410222,0.991345957713692,-0.0446578318161346,-0.279597287383783,0.860185849840345,-1.55386222661482,-0.856471824489096
concrete_point_0698,concrete,regression,7.72,0.338725815423946,nominal,-1.65413718976174,1.02578639294295,-0.846732596814649,1.02709066032118,-1.03863825410222,-0.44652304182106,0.940674681234337,-0.61203403574082,-0.279597287383783,-0.52626175199204,-0.856471824489096
concrete_point_0646,concrete,regression,19.54,0.36107512253586,nominal,-0.74318788576291,2.68203454116364,-0.846732596814649,1.02709066032118,-1.03863825410222,-0.122423768222888,-1.79081671570305,-0.61203403574082,0.860185849840345,-1.55386222661482,0.685032750131976
concrete_point_0620,concrete,regression,27.63,0.403634404728132,nominal,-0.259963727654288,-0.856471824489096,-0.846732596814649,0.769530310676435,-1.03863825410222,-0.0632627897089354,1.11529056962303,2.12661155786715,-0.501221786288474,-0.768050098962105,0.0174337764614967
concrete_point_0958,concrete,regression,29.73,0.347946860200905,nominal,-1.32209999597225,1.10691821265985,1.38305927999787,0.427677482966141,0.367492148115408,-0.0709794390803207,-1.62243710904252,-0.279597287383783,0.701882636336994,-0.759047341362157,-0.856471824489096
concrete_point_0700,concrete,regression,9.56,0.35324751603424,nominal,-0.74318788576291,2.68203454116364,-0.846732596814649,1.02709066032118,-1.03863825410222,-0.122423768222888,-1.79081671570305,-0.675355321142161,-0.279597287383783,-1.13201872764577,-0.856471824489096
concrete_point_0388,concrete,regression,51.02,0.389046585699825,anomaly,2.28533579822479,-0.856471824489096,-0.846732596814649,-0.307540242383394,-0.168176576538928,-1.32364885370183,0.391881889155593,-0.279597287383783,-0.279597287383783,0.393305631431348,1.33408730786716
concrete_point_0554,concrete,regression,25.42,0.412542835344693,nominal,-0.397754378679321,3.30906760497567,-0.846732596814649,0.19353171056183,-1.03863825410222,-0.402795362049878,-1.36300778915075,-0.61203403574082,-0.279597287383783,-0.122423768222888,0.534359370657736
concrete_point_0651,concrete,regression,33.19,0.413283226371233,nominal,-1.51730341825771,1.27497698207342,-0.846732596814649,1.02709066032118,-1.03863825410222,-0.189301396108224,0.330766328219552,0.701882636336994,-0.675355321142161,-0.176440313822583,1.57052861104213
concrete_point_0996,concrete,regression,27.68,0.347467176862216,nominal,-1.17282679069513,0.869317883488931,0.965852250489151,-0.302857326935308,1.47230889271498,-0.25232069930787,-0.672027773669789,-0.279597287383783,-0.279597287383783,-2.21106353141111,-0.856471824489096
concrete_point_0242,concrete,regression,24.54,0.318760182763781,nominal,-0.492485451259031,-0.856471824489096,1.00022885966215,0.638408678130021,-0.0175197477298962,0.709688255658135,-0.199317618674689,-0.279597287383783,-0.675355321142161,-0.0761238719945772,2.68203454116364
concrete_point_0785,concrete,regression,13.52,0.413349856906583,nominal,0.476833503521236,-0.856471824489096,-0.846732596814649,0.488555383791262,-1.03863825410222,-1.20789911313106,0.641333158282295,-0.675355321142161,0.1636517104256,0.245403185146468,-0.636256885257514
concrete_point_0423,concrete,regression,31.81,0.348684884124437,nominal,-1.0886213928465,0.64910294425735,1.1627364666618,-0.284125665142963,0.26705426224272,0.429316661831145,-0.336515816694375,-0.501221786288474,-0.61203403574082,-0.52626175199204,1.809287966209
concrete_point_0412,concrete,regression,23.08,0.368312031011196,nominal,-1.03025174206506,-0.275799800515294,1.86433180841991,-0.785197618088188,0.0494388428518959,0.428030553602582,0.24844740940774,-0.675355321142161,-0.279597287383783,-0.680594739419741,0.277055599555572
concrete_point_0557,concrete,regression,32.63,0.386050024899019,nominal,-0.838875837863628,2.50702161577433,-0.846732596814649,0.19353171056183,-1.03863825410222,0.325141895317447,-0.86410525089735,-0.279597287383783,-0.279597287383783,-1.55386222661482,1.19500418835248
concrete_point_0827,concrete,regression,24.39,0.425148043899834,nominal,1.90258398982193,-0.856471824489096,-0.846732596814649,0.488555383791262,-1.03863825410222,-0.474817422849473,-0.655813441176554,-0.675355321142161,-0.61203403574082,-0.256179023993562,0.0243879324372308
concrete_point_0216,concrete,regression,22.72,0.28157171782507,nominal,-0.869495982535857,-0.856471824489096,1.10960897975807,-0.921002166082688,0.618586862797128,1.48135319279664,0.361947736860389,-0.501221786288474,-0.501221786288474,0.00618705463353004,1.30742970996018
concrete_point_0763,concrete,regression,32.72,0.422624656649035,nominal,0.658640612512599,-0.856471824489096,-0.846732596814649,1.00367608308075,-1.03863825410222,0.0139037040049154,0.0177049854655408,2.12661155786715,-0.279597287383783,-0.20602080307956,2.30535109247804
concrete_point_0884,concrete,regression,32.96,0.350793328154818,nominal,-1.26468722471182,1.87882952596634,-0.846732596814649,-0.260711087902532,1.13751593980602,-1.61945374627159,1.48946747331308,-0.279597287383783,0.1636517104256,-1.55386222661482,0.581879436491919
concrete_point_0207,concrete,regression,24.9,0.366535091412563,nominal,-0.660896246956293,-0.856471824489096,1.05335634656589,-0.0593457236348242,-0.0844783383116881,1.08909018308457,0.0713370083277811,-0.279597287383783,-0.279597287383783,0.952762710856766,-0.856471824489096
concrete_point_1029,concrete,regression,32.77,0.349293603052192,nominal,-1.1680423930901,1.30742970996018,-0.846732596814649,-0.279442749694877,0.8529419298334,0.214536587660928,0.191073617508598,-0.279597287383783,-0.279597287383783,-0.176440313822583,-0.856471824489096
concrete_point_0858,concrete,regression,33.3,0.353102395896654,nominal,-1.42735674328304,1.54271198713919,1.66901016539149,-0.120223624459946,-0.201655871829824,-1.36223210055876,-0.468724989331527,-0.279597287383783,-0.279597287383783,0.00618705463353004,-0.856471824489096
concrete_point_0072,concrete,regression,28.8,0.505957240259239,nominal,0.307465828302966,2.18249433690673,-0.846732596814649,-0.284125665142963,0.400971443406304,0.951476602628203,-2.01781737060835,-0.675355321142161,-0.675355321142161,-0.44652304182106,1.17182366843337
concrete_point_0944,concrete,regression,12.18,0.347404244673064,nominal,-1.23980835716563,-0.856471824489096,0.901786751575827,0.13265380973671,0.283793909888168,0.245403185146468,0.527832830829645,-0.279597287383783,-0.279597287383783,-0.963538549703861,-0.856471824489096
concrete_point_0878,concrete,regression,31.42,0.353309945359028,nominal,0.141925671168725,-0.856471824489096,0.825220667508684,1.84660086373626,0.802722986897056,-1.97956405026956,0.0551226758345461,-0.279597287383783,0.701882636336994,-0.296048379079052,1.89621491590568
concrete_point_0023,concrete,regression,8.06,0.346391703565019,nominal,-1.35463389968649,1.57052861104213,-0.846732596814649,0.488555383791262,-1.03863825410222,0.952762710856766,0.41557975972263,-0.675355321142161,-0.707015963842831,-0.281901188564846,0.64910294425735
concrete_point_0766,concrete,regression,23.22,0.264763400415885,nominal,0.99354844486511,-0.856471824489096,-0.846732596814649,0.20758045690609,-1.03863825410222,-0.0889849542802189,-0.13196577601048,-0.61203403574082,-0.61203403574082,-0.449095258278189,-0.856471824489096
concrete_point_0919,concrete,regression,10.54,0.348482820766521,nominal,-1.30296240555211,-0.856471824489096,1.95027333135242,0.956846928599884,0.300533557533616,-1.91525863884135,1.19012595036104,-0.279597287383783,-0.675355321142161,1.87618841896585,-0.856471824489096
concrete_point_0375,concrete,regression,16.28,0.368323466578649,nominal,0.907429287974464,-0.856471824489096,-0.846732596814649,1.54689427505875,-1.03863825410222,0.393305631431348,-0.139449314084281,-0.675355321142161,-0.279597287383783,0.644096736001363,-0.856471824489096
concrete_point_0666,concrete,regression,11.39,0.338675092618714,nominal,-1.0350361396701,0.487998330819508,-0.846732596814649,0.488555383791262,-1.03863825410222,-0.335917734164542,1.03796067619375,-0.61203403574082,-0.279597287383783,-1.54228725255774,-0.856471824489096
concrete_point_0335,concrete,regression,23.8,0.466308835694673,nominal,-0.0580621487217738,-0.856471824489096,1.05023120027743,-1.03339213683676,0.618586862797128,1.037645853942,0.0488863941063785,-0.675355321142161,0.701882636336994,1.08909018308457,-0.856471824489096
concrete_point_0665,concrete,regression,19.35,0.361477864525317,nominal,-0.29632514945256,1.076783536765,-0.846732596814649,1.02709066032118,-1.03863825410222,0.0602036002332262,-0.991325398151967,-0.61203403574082,-0.675355321142161,1.19712327428396,-0.856471824489096
concrete_point_0890,concrete,regression,33.72,0.346766110633203,nominal,-0.183413365973714,0.430047031021724,0.497080307220927,0.629042847233849,-0.201655871829824,-1.00212179656079,-0.506142679700533,-0.279597287383783,-0.279597287383783,0.532205320116279,-0.856471824489096
concrete_point_0578,concrete,regression,18.2,0.400530807092764,nominal,-1.39195220100577,1.50214607728074,-0.846732596814649,0.19353171056183,-1.03863825410222,1.32830631359751,-0.178114260798921,-0.279597287383783,-0.61203403574082,-0.52626175199204,-0.856471824489096
concrete_point_0372,concrete,regression,30.22,0.37551426253571,nominal,-0.595828439527806,-0.856471824489096,1.09242067517157,-1.08022129131762,0.8529419298334,1.36045901931161,0.265908998246609,-0.279597287383783,0.1636517104256,1.80159414170912,-0.856471824489096
concrete_point_0257,concrete,regression,31.64,0.388718395867704,nominal,-0.657068728872265,-0.856471824489096,0.722090839989674,-1.04275796773293,0.417711091051752,0.448608285259607,1.62167664595023,-0.279597287383783,-0.279597287383783,1.03635974571344,1.17182366843337
concrete_point_0786,concrete,regression,16.26,0.316846184546763,nominal,0.476833503521236,-0.856471824489096,-0.846732596814649,0.488555383791262,-1.03863825410222,0.0653480331474826,0.641333158282295,-0.61203403574082,-0.675355321142161,-0.397650929135622,1.31090678794805
concrete_point_0022,concrete,regression,28.24,0.396325982759769,nominal,-1.35463389968649,1.57052861104213,-0.846732596814649,0.488555383791262,-1.03863825410222,0.952762710856766,0.41557975972263,-0.279597287383783,0.701882636336994,-0.585422730505992,-0.856471824489096
concrete_point_0053,concrete,regression,33.12,0.412733705178238,nominal,-0.417848848620471,1.89621491590568,-0.846732596814649,2.1744049451023,-1.03863825410222,-0.52626175199204,-2.23982900013111,0.701882636336994,-0.675355321142161,1.06336801851328,1.90432809787737
concrete_point_0684,concrete,regression,36.59,0.389843849815229,anomaly,-1.41778794807297,1.46158016742229,-0.846732596814649,0.488555383791262,-1.03863825410222,-0.585422730505992,0.818443559362254,0.701882636336994,-0.279597287383783,0.862735134857274,-0.305934476410142
concrete_point_0517,concrete,regression,9.85,0.345276396690386,nominal,-0.757541078578018,-0.72897896493397,1.356495536546,1.14416354652333,-0.754064244129608,-0.397650929135622,0.341991635330253,-0.675355321142161,0.701882636336994,1.63440007199578,0.0174337764614967
concrete_point_0910,concrete,regression,23.74,0.350652568442913,nominal,-1.29339361034204,1.14864314851425,-0.846732596814649,0.0202638389826409,-0.536448824738784,0.168236691432617,0.541552650631614,-0.279597287383783,-0.279597287383783,0.0139037040049154,0.812525609687102
concrete_point_0432,concrete,regression,20.73,0.272436684061109,nominal,-0.284842595200474,-0.856471824489096,1.00179143280638,0.530701622824039,-0.0677386906662401,0.909035031085583,-0.240477078080596,-0.501221786288474,-0.279597287383783,0.0344814356619426,0.471771966876128
concrete_point_0749,concrete,regression,33.21,0.384442231931241,nominal,2.09395989402336,-0.856471824489096,-0.846732596814649,0.86318861963816,-1.03863825410222,1.95592712913683,-2.00285029446074,-0.61203403574082,-0.279597287383783,-0.296048379079052,-0.856471824489096
concrete_point_0360,concrete,regression,27.42,0.467104905955769,nominal,-0.602526596174856,-0.223643630697288,1.08773295573889,-1.90909732562888,0.953379815706088,1.32187577245469,0.238469358642672,-0.675355321142161,-0.279597287383783,0.50776926377356,-0.275799800515294
concrete_point_0660,concrete,regression,29.23,0.41330990305446,nominal,-1.65413718976174,1.02578639294295,-0.846732596814649,1.02709066032118,-1.03863825410222,-0.44652304182106,0.940674681234337,0.701882636336994,-0.61203403574082,-0.52626175199204,-0.856471824489096
concrete_point_0803,concrete,regression,31.65,0.288019211395363,nominal,0.55338386520181,-0.856471824489096,-0.846732596814649,0.160751302425227,-1.03863825410222,1.11995678057011,-0.244218847117496,-0.279597287383783,0.701882636336994,0.0139037040049154,-0.856471824489096
concrete_point_0430,concrete,regression,29.59,0.37277711012775,nominal,-0.647499933662193,-0.856471824489096,1.87526982042951,-1.04744088318102,0.919900520415191,0.909035031085583,-0.0209599612490982,-0.501221786288474,-0.675355321142161,-0.0632627897089354,0.280532677543439
concrete_point_0652,concrete,regression,4.9,0.345722673149116,nominal,-0.930736271880316,0.564494046552584,-0.846732596814649,1.02709066032118,-1.03863825410222,-0.176440313822583,0.329519071873918,-0.675355321142161,-0.279597287383783,-0.20602080307956,-0.856471824489096
concrete_point_0750,concrete,regression,36.94,0.491569100726308,anomaly,2.09395989402336,-0.856471824489096,-0.846732596814649,0.86318861963816,-1.03863825410222,1.95592712913683,-2.00285029446074,-0.501221786288474,-0.675355321142161,0.0139037040049154,0.241125793680946
concrete_point_0580,concrete,regression,22.63,0.362652300485833,nominal,-0.74318788576291,0.71632645202278,-0.846732596814649,0.19353171056183,-1.03863825410222,1.32830631359751,-0.178114260798921,-0.279597287383783,-0.675355321142161,1.11224013119873,-0.856471824489096
concrete_point_0773,concrete,regression,24,0.277775310032414,nominal,0.964842059234895,-0.856471824489096,-0.846732596814649,0.20758045690609,-1.03863825410222,0.952762710856766,-0.431307298962522,-0.61203403574082,0.860185849840345,-1.94098080341264,1.33408730786716
concrete_point_0186,concrete,regression,24.45,0.32339776561427,nominal,-0.562337656292554,-0.856471824489096,0.66427563365326,0.362116666692935,-0.285354110057064,-0.0748377637660127,1.20634028285427,-0.501221786288474,0.860185849840345,0.420313904231196,2.68203454116364
concrete_point_0285,concrete,regression,13.62,0.366597537295599,nominal,-0.954658259905496,-0.856471824489096,1.76276455404513,-0.56041767658005,0.233574966951824,1.06336801851328,0.0526281631432785,-0.675355321142161,-0.61203403574082,0.440891635888224,0.309508327442331
concrete_point_0893,concrete,regression,32.24,0.351077956446662,nominal,-0.0781566186629247,-0.856471824489096,0.559583232990023,0.816359465157298,0.802722986897056,-0.539122834277682,-0.144438339466815,-0.279597287383783,-0.279597287383783,-0.478675747535165,0.0243879324372308
concrete_point_0732,concrete,regression,15.87,0.258582582585224,nominal,0.649071817302527,-0.856471824489096,-0.846732596814649,0.488555383791262,-1.03863825410222,1.06851245142754,0.441772142980934,-0.675355321142161,-0.675355321142161,-0.449095258278189,-0.856471824489096
concrete_point_0932,concrete,regression,15.34,0.412770757865563,nominal,-1.31253120076218,-0.682617925095742,2.20028503442881,-0.260711087902532,-0.0342593953753441,0.61837457143008,-0.805484202652575,-0.279597287383783,0.860185849840345,0.070492466061739,-0.856471824489096
concrete_point_0251,concrete,regression,24.92,0.275230904505016,nominal,-0.298238908494575,-0.856471824489096,0.648649902210986,0.273141273179297,-0.117957633602584,-0.20602080307956,1.09283995540163,-0.501221786288474,-0.675355321142161,0.909035031085583,0.0243879324372308
concrete_point_1015,concrete,regression,33.31,0.353177827263934,nominal,-1.42735674328304,1.53691685715941,1.66744759224726,-0.124906539908032,-0.117957633602584,-1.36351820878732,-0.473714014714061,-0.279597287383783,-0.61203403574082,-1.17446029918839,-0.856471824489096
concrete_point_0205,concrete,regression,12.47,0.358743530725387,nominal,-0.660896246956293,-0.856471824489096,1.05335634656589,-0.0593457236348242,-0.0844783383116881,1.08909018308457,0.0713370083277811,-0.675355321142161,-0.675355321142161,-0.449095258278189,-0.856471824489096
concrete_point_0445,concrete,regression,33.27,0.32414821025672,nominal,-0.284842595200474,-0.856471824489096,1.00179143280638,0.530701622824039,-0.0677386906662401,0.909035031085583,-0.240477078080596,-0.279597287383783,-0.501221786288474,0.502624830859304,-0.856471824489096
concrete_point_0953,concrete,regression,33.72,0.346923888695455,nominal,-0.184370245494721,0.424251901041945,0.498642880365154,0.647774509026194,-0.201655871829824,-0.999549580103657,-0.511131705083066,-0.279597287383783,-0.501221786288474,-1.94098080341264,-0.624666625297958
concrete_point_0675,concrete,regression,13.57,0.345968143572473,nominal,-0.432202041435579,0.963198989161343,-0.846732596814649,0.488555383791262,-1.03863825410222,-0.00410181119498281,-0.305334408053538,-0.675355321142161,0.1636517104256,-0.52626175199204,-0.856471824489096
concrete_point_0556,concrete,regression,27.94,0.384239205452051,nominal,-0.94987386230046,2.30535109247804,-0.846732596814649,0.19353171056183,-1.03863825410222,0.50776926377356,-0.739379616333999,-0.279597287383783,-0.279597287383783,-1.55386222661482,-0.856471824489096
concrete_point_0420,concrete,regression,16.88,0.337631255156253,nominal,-1.11158650135067,-0.856471824489096,1.39712243829592,-0.83202677256905,-1.03863825410222,0.420313904231196,1.58800072461813,-0.501221786288474,-0.279597287383783,0.0344814356619426,-0.856471824489096
concrete_point_0598,concrete,regression,31.38,0.366060987579329,nominal,-0.0800703777049389,1.25179646215431,-0.846732596814649,0.19353171056183,-1.03863825410222,0.50776926377356,-0.739379616333999,-0.279597287383783,-0.675355321142161,-0.629150410277174,1.03274054891868
concrete_point_0192,concrete,regression,22.84,0.364690018114579,nominal,-0.453253390897737,-0.856471824489096,0.631461597624484,0.764847395228349,-0.268614462411616,-0.333345517707413,0.98058688429461,-0.279597287383783,-0.279597287383783,-0.0889849542802189,-0.856471824489096
concrete_point_0849,concrete,regression,33.4,0.348607621355825,nominal,-0.279101318074431,0.267783391587926,0.340822992798185,0.582213692752987,0.300533557533616,-1.77378673369929,0.591442904456955,-0.279597287383783,-0.279597287383783,0.862735134857274,-0.856471824489096
concrete_point_0883,concrete,regression,36.44,0.333067527088217,anomaly,-1.35080638160247,0.685032750131976,0.762717741739587,0.86318861963816,0.133137081079136,-0.732039068562309,-0.256691410573831,-0.279597287383783,0.860185849840345,1.68584440113835,0.280532677543439
concrete_point_0518,concrete,regression,15.07,0.337721313317573,nominal,-0.757541078578018,-0.72897896493397,1.356495536546,1.14416354652333,-0.754064244129608,-0.397650929135622,0.341991635330253,-0.61203403574082,-0.279597287383783,-0.397650929135622,0.501906642770977
concrete_point_0872,concrete,regression,32.76,0.349180123565747,nominal,-1.1689992726111,1.31090678794805,-0.846732596814649,-0.260711087902532,0.802722986897056,0.219681020575184,0.192320873854232,-0.279597287383783,-0.279597287383783,-1.32364885370183,1.50214607728074
concrete_point_0629,concrete,regression,12.25,0.385685948992132,nominal,-0.776678668998162,-0.856471824489096,-0.846732596814649,-0.0733944699790834,-1.03863825410222,1.95592712913683,0.890784427408997,-0.279597287383783,-0.279597287383783,-1.64517591084288,1.33408730786716
concrete_point_0641,concrete,regression,30.14,0.376296939704221,nominal,1.13708037301619,-0.856471824489096,-0.846732596814649,0.254409611386952,-1.03863825410222,0.669818900572647,-0.356471918224512,-0.61203403574082,0.701882636336994,-0.0632627897089354,-0.856471824489096
concrete_point_0408,concrete,regression,19.42,0.298606010761028,nominal,-1.11158650135067,0.63287658031397,1.21742652670976,-0.302857326935308,0.317273205179064,0.422886120688324,-0.336515816694375,-0.675355321142161,-0.279597287383783,0.0139037040049154,-0.856471824489096
concrete_point_0058,concrete,regression,9.13,0.323641307114415,nominal,-0.790074982292262,0.678078594156242,-0.846732596814649,0.488555383791262,-1.03863825410222,0.070492466061739,0.647569440010462,-0.675355321142161,-0.279597287383783,-0.963538549703861,-0.856471824489096
concrete_point_0718,concrete,regression,4.83,0.34622133053443,nominal,-1.33836694782937,1.60066328693697,-0.846732596814649,1.02709066032118,-1.03863825410222,-0.0143906770234971,-0.312817946127339,-0.675355321142161,-0.279597287383783,-0.122423768222888,0.375572809211806
concrete_point_0835,concrete,regression,33.69,0.509333469584219,nominal,0.27588880410973,0.800935349727546,0.88772359327778,-0.635344323749429,2.64408422789634,-0.757761233133592,-1.52889288312001,-0.279597287383783,-0.279597287383783,1.46463378582531,-0.856471824489096
concrete_point_0519,concrete,regression,23.25,0.410371665985455,nominal,-0.757541078578018,-0.72897896493397,1.356495536546,1.14416354652333,-0.754064244129608,-0.397650929135622,0.341991635330253,0.1636517104256,1.17679227684705,1.0736568843418,-0.856471824489096
concrete_point_0683,concrete,regression,24.05,0.395853481516477,nominal,-0.930736271880316,0.564494046552584,-0.846732596814649,1.02709066032118,-1.03863825410222,-0.176440313822583,0.329519071873918,-0.279597287383783,-0.279597287383783,0.914179463999841,0.430047031021724
concrete_point_0260,concrete,regression,13.33,0.347619900595247,nominal,-0.656111849351258,-0.856471824489096,0.722090839989674,-1.03807505228484,0.702285101024368,0.39716395611704,1.6241711586415,-0.675355321142161,0.1636517104256,-0.52626175199204,-0.856471824489096
concrete_point_1006,concrete,regression,33.4,0.34826018420411,nominal,-0.278144438553424,0.268942417583882,0.334572700221275,0.572847861856815,0.35075250046996,-1.76735619255647,0.596431929839488,-0.279597287383783,0.860185849840345,-0.362926006964389,-0.856471824489096
concrete_point_0607,concrete,regression,12.84,0.297952919045117,nominal,-0.432202041435579,-0.856471824489096,-0.846732596814649,0.582213692752987,-1.03863825410222,-0.0632627897089354,1.3896869656624,-0.501221786288474,0.860185849840345,0.726407662629472,-0.856471824489096
concrete_point_0892,concrete,regression,13.46,0.350616615597535,nominal,-1.24554963429168,-0.856471824489096,2.04402772000607,-0.682173478230291,1.63970536916946,1.30001193256909,-1.19213366979896,-0.279597287383783,-0.279597287383783,1.44662827062541,1.36885808774584
concrete_point_0047,concrete,regression,15.05,0.241825114792046,nominal,0.649071817302527,-0.856471824489096,-0.846732596814649,0.488555383791262,-1.03863825410222,0.952762710856766,0.41557975972263,-0.675355321142161,-0.501221786288474,-2.21106353141111,1.33408730786716
concrete_point_0086,concrete,regression,28.6,0.504841077915714,nominal,0.940920071209715,0.895975481395912,-0.846732596814649,-1.29563540192959,1.62296572152401,2.07553519439329,-2.10263080211142,-0.675355321142161,0.701882636336994,-0.153290365708428,1.34567756782672
concrete_point_0088,concrete,regression,24.4,0.506266200515496,nominal,0.0491083576310296,1.47201140138589,-0.846732596814649,-1.72646362315352,0.836202282187951,0.407452821945555,0.375667556662358,-0.675355321142161,0.1636517104256,-0.362926006964389,0.430047031021724
concrete_point_1007,concrete,regression,18.03,0.349186375789814,nominal,-1.1154140194347,-0.856471824489096,1.50337741210338,0.00153217719029577,0.919900520415191,0.647955060687055,-0.557280189871507,-0.279597287383783,0.860185849840345,-0.554556133020452,-0.856471824489096
concrete_point_0989,concrete,regression,16.5,0.347476174923535,nominal,-1.22067076674549,0.814843661679014,0.908037044152736,1.80445462470349,0.652066158088024,-0.639439276105687,-1.4428321952713,-0.279597287383783,-0.279597287383783,-1.61945374627159,0.64910294425735
concrete_point_0610,concrete,regression,24.1,0.408372163739177,nominal,-0.432202041435579,-0.856471824489096,-0.846732596814649,0.535384538272125,-1.03863825410222,-0.0632627897089354,1.3896869656624,2.12661155786715,-0.279597287383783,1.95592712913683,-0.856471824489096
concrete_point_0522,concrete,regression,24.13,0.362573340126383,nominal,0.0271001286478645,-0.682617925095742,1.356495536546,-0.120223624459946,-0.117957633602584,-1.6837591576998,0.341991635330253,-0.61203403574082,-0.279597287383783,0.430602770059709,-0.856471824489096
concrete_point_0644,concrete,regression,20.28,0.351110194337674,nominal,0.658640612512599,-0.856471824489096,-0.846732596814649,0.20758045690609,-1.03863825410222,0.991345957713692,-0.0446578318161346,-0.61203403574082,-0.279597287383783,1.48135319279664,0.280532677543439
concrete_point_0734,concrete,regression,33.61,0.33864410588045,nominal,0.649071817302527,-0.856471824489096,-0.846732596814649,0.488555383791262,-1.03863825410222,1.06851245142754,0.441772142980934,-0.279597287383783,-0.675355321142161,0.952762710856766,1.60645841691675
concrete_point_0521,concrete,regression,13.4,0.354642834879895,nominal,0.0271001286478645,-0.682617925095742,1.356495536546,-0.120223624459946,-0.117957633602584,-1.6837591576998,0.341991635330253,-0.675355321142161,-0.279597287383783,0.429316661831145,0.280532677543439
concrete_point_0682,concrete,regression,24.28,0.396204988674265,nominal,-1.0350361396701,0.487998330819508,-0.846732596814649,0.488555383791262,-1.03863825410222,-0.335917734164542,1.03796067619375,-0.279597287383783,-0.279597287383783,-0.989260714275145,1.50214607728074
concrete_point_0895,concrete,regression,29.72,0.347078229365964,nominal,-1.32209999597225,1.10228210867603,1.38774699943055,0.4417262293104,0.300533557533616,-0.0761238719945772,-1.62867339077069,-0.279597287383783,-0.61203403574082,1.78358862650923,-0.856471824489096
concrete_point_0227,concrete,regression,24.24,0.374366779952792,nominal,-1.08288011572046,-0.368521880191749,1.71276221342986,-2.79885126076526,-0.0844783383116881,1.10323737359878,0.08131505909285,-0.279597287383783,0.1636517104256,1.95592712913683,0.581879436491919
concrete_point_0809,concrete,regression,11.47,0.232883071770574,nominal,-0.279101318074431,-0.856471824489096,-0.846732596814649,0.20758045690609,-1.03863825410222,1.77587197713784,0.129958056572557,-0.61203403574082,-0.279597287383783,1.03635974571344,-0.856471824489096
concrete_point_0870,concrete,regression,31.18,0.351941021212902,nominal,0.39071434663059,-0.856471824489096,0.965852250489151,0.675872001714711,0.635326510442576,-1.9924251325552,0.491662396806274,-0.279597287383783,0.860185849840345,-0.397650929135622,-0.856471824489096
concrete_point_1017,concrete,regression,15.09,0.35057846672878,nominal,-1.11924153751873,-0.856471824489096,2.27997626478441,-0.0171994846020494,1.07055734922422,-1.58987325701462,0.903256990865332,-0.279597287383783,-0.61203403574082,-1.44582913541543,-0.856471824489096
concrete_point_0582,concrete,regression,12.37,0.384407956822815,nominal,-0.94987386230046,2.30535109247804,-0.846732596814649,0.19353171056183,-1.03863825410222,0.50776926377356,-0.739379616333999,-0.61203403574082,-0.279597287383783,-0.449095258278189,-0.856471824489096
concrete_point_1028,concrete,regression,23.7,0.348154039318467,nominal,-1.26947162231686,0.759210413873141,0.850221837816322,0.521335791927865,-0.0175197477298962,-1.03556061050346,0.0800678027472162,-0.279597287383783,-0.279597287383783,0.440891635888224,-0.57830558545973
concrete_point_0787,concrete,regression,31.45,0.371372175683222,nominal,0.476833503521236,-0.856471824489096,-0.846732596814649,0.488555383791262,-1.03863825410222,0.0653480331474826,0.641333158282295,-0.279597287383783,-0.279597287383783,-0.0632627897089354,0.375572809211806
concrete_point_0930,concrete,regression,21.91,0.412787979162412,nominal,-1.39865035765282,0.360505471264382,2.16903357154426,0.675872001714711,-0.0342593953753441,-0.101846036565861,-1.62867339077069,-0.279597287383783,-0.61203403574082,1.06336801851328,0.375572809211806
concrete_point_0310,concrete,regression,22.95,0.445748994044464,nominal,0.139055032605704,-0.856471824489096,0.647087329066758,-0.471442283066412,0.451190386342648,-0.229170751193714,1.06789482848896,-0.675355321142161,-0.279597287383783,0.0524869508618408,-0.682617925095742
concrete_point_0586,concrete,regression,33.04,0.385424889566537,nominal,0.0864266589503091,1.38624347768517,-0.846732596814649,0.19353171056183,-1.03863825410222,0.325141895317447,-0.86410525089735,-0.279597287383783,0.860185849840345,1.23827873759801,0.564494046552584
concrete_point_0871,concrete,regression,23.69,0.348141425768404,nominal,-1.26468722471182,0.754574309889318,0.856472130393232,0.535384538272125,-0.0342593953753441,-1.04070504341771,0.0800678027472162,-0.279597287383783,-0.279597287383783,1.44662827062541,-0.856471824489096
concrete_point_0811,concrete,regression,14.99,0.311472074435879,nominal,0.27588880410973,-0.856471824489096,-0.846732596814649,0.488555383791262,-1.03863825410222,-0.0375406251376518,0.953147244690672,-0.61203403574082,-0.61203403574082,-1.6837591576998,-0.856471824489096
concrete_point_0563,concrete,regression,24.07,0.278596936629025,nominal,0.969626456839931,-0.856471824489096,-0.846732596814649,0.19353171056183,-1.03863825410222,0.963051576685279,-0.427565529925622,-0.61203403574082,-0.279597287383783,1.44662827062541,-0.856471824489096
concrete_point_0185,concrete,regression,11.58,0.354736318091141,nominal,-0.562337656292554,-0.856471824489096,0.66427563365326,0.362116666692935,-0.285354110057064,-0.0748377637660127,1.20634028285427,-0.675355321142161,-0.279597287383783,-1.13201872764577,-0.856471824489096
concrete_point_1008,concrete,regression,37.36,0.330485288067904,anomaly,-1.20153317632535,1.96575647566302,-0.846732596814649,-0.0593457236348242,0.752504043960711,0.631235653715722,-0.946424169709161,-0.279597287383783,-0.707015963842831,1.46463378582531,0.230694559717344
concrete_point_0222,concrete,regression,21.54,0.374578135595467,nominal,-1.10106082661959,-0.856471824489096,1.70494934770872,-0.237296510662101,-0.285354110057064,1.10195126537021,0.08131505909285,-0.279597287383783,-0.279597287383783,0.393305631431348,-0.856471824489096
concrete_point_0442,concrete,regression,27.22,0.328311589392265,nominal,-0.298238908494575,-0.856471824489096,0.648649902210986,0.479189552895091,-0.15143692889348,-0.308909461364694,1.04294970157629,-0.279597287383783,-0.279597287383783,1.19455105782683,-0.555125065540616
concrete_point_0801,concrete,regression,13.71,0.234330584047895,nominal,-0.279101318074431,-0.856471824489096,-0.846732596814649,0.160751302425227,-1.03863825410222,1.77587197713784,0.129958056572557,-0.61203403574082,-0.61203403574082,-1.59373158170031,-0.856471824489096
concrete_point_0211,concrete,regression,20.08,0.292728591569875,nominal,-0.489614812696009,-0.856471824489096,1.00179143280638,0.65245742447428,-0.268614462411616,0.726407662629472,-0.186845055218354,-0.501221786288474,-0.279597287383783,-0.52626175199204,-0.856471824489096
concrete_point_0934,concrete,regression,23.89,0.413094771143207,nominal,-1.09244891093053,1.31090678794805,2.20028503442881,0.160751302425227,0.133137081079136,-0.963538549703861,-1.71598133496504,-0.279597287383783,0.701882636336994,-0.296048379079052,-0.332592074317123
concrete_point_0844,concrete,regression,44.61,0.329947592651667,anomaly,-1.33166879118232,1.07910158875691,1.18461249068099,-0.354369396864256,0.802722986897056,-1.15645478398849,0.142430620028892,-0.279597287383783,-0.61203403574082,1.38746729211146,-0.856471824489096
concrete_point_0230,concrete,regression,18,0.293975522855821,nominal,-0.645586174620179,0.280532677543439,-0.463902176478933,0.00621509263838172,0.116397433433688,1.19455105782683,0.147419645411425,-0.675355321142161,-0.675355321142161,-0.02467954285201,-0.856471824489096
concrete_point_0653,concrete,regression,4.57,0.346730819261305,nominal,-1.71442059958519,0.916837949323115,-0.846732596814649,0.488555383791262,-1.03863825410222,-1.10501045484592,2.1006230826735,-0.675355321142161,-0.279597287383783,1.19455105782683,0.280532677543439
concrete_point_0063,concrete,regression,9.87,0.322519731537688,nominal,0.27588880410973,-0.856471824489096,-0.846732596814649,0.488555383791262,-1.03863825410222,-0.02467954285201,0.960630782764473,-0.675355321142161,-0.61203403574082,1.44662827062541,-0.856471824489096
concrete_point_0947,concrete,regression,32.96,0.350825315249116,nominal,-1.25990282710678,1.87882952596634,-0.846732596814649,-0.270076918798704,1.07055734922422,-1.62202596272872,1.48572570427618,-0.279597287383783,-0.279597287383783,-0.642011492562816,-0.856471824489096
concrete_point_0685,concrete,regression,50.73,0.388851507470553,anomaly,-0.853229030678735,2.4815230438633,-0.846732596814649,0.488555383791262,-1.03863825410222,-0.554556133020452,-0.716929002112595,0.701882636336994,-0.279597287383783,0.0653480331474826,0.824115869646659
concrete_point_0632,concrete,regression,17.54,0.351891637715806,nominal,0.419420732260806,-0.856471824489096,-0.846732596814649,0.113922147944365,-1.03863825410222,1.15854002742703,0.117485493116221,-0.61203403574082,-0.675355321142161,-0.220167993593766,0.277055599555572
concrete_point_0490,concrete,regression,25.51,0.505045465430654,nominal,1.01268603528525,-0.624666625297958,0.62208615875912,-1.15046502303891,1.28817276861505,-0.449095258278189,0.890784427408997,-0.675355321142161,-0.279597287383783,-0.20602080307956,-0.232915838664933
concrete_point_0856,concrete,regression,61.23,0.326709069837802,anomaly,0.428989527470877,1.06751132879735,-0.846732596814649,-0.354369396864256,0.467930033988096,-1.16931586627413,0.204793437310567,-0.279597287383783,-0.279597287383783,0.870451784228658,-0.856471824489096
concrete_point_0768,concrete,regression,31.35,0.375732077861209,nominal,0.99354844486511,-0.856471824489096,-0.846732596814649,0.20758045690609,-1.03863825410222,-0.0889849542802189,-0.13196577601048,-0.279597287383783,2.12661155786715,0.870451784228658,-0.856471824489096
concrete_point_0544,concrete,regression,10.22,0.33744974741201,nominal,-0.250394932444216,-0.856471824489096,-0.846732596814649,0.488555383791262,-1.03863825410222,-1.06899942444612,2.1380407730425,-0.61203403574082,-0.61203403574082,-0.0967016036516043,-0.856471824489096
concrete_point_0728,concrete,regression,17.44,0.299832156230688,nominal,0.476833503521236,-0.856471824489096,-0.846732596814649,0.488555383791262,-1.03863825410222,0.669818900572647,0.591442904456955,-0.61203403574082,-0.61203403574082,-0.00410181119498281,-0.856471824489096
concrete_point_0771,concrete,regression,14.99,0.243209433171847,nominal,0.649071817302527,-0.856471824489096,-0.846732596814649,0.488555383791262,-1.03863825410222,0.952762710856766,0.404354452611928,-0.675355321142161,0.1636517104256,-0.52626175199204,0.226058455733522
concrete_point_0777,concrete,regression,21.16,0.310785011407432,nominal,0.55338386520181,-0.856471824489096,-0.846732596814649,0.160751302425227,-1.03863825410222,1.23570652114089,-0.244218847117496,-0.61203403574082,0.1636517104256,-0.719177986276667,0.244602871668813
concrete_point_0680,concrete,regression,33,0.39602450033632,nominal,-0.661853126477301,0.781231907796299,-0.846732596814649,1.02709066032118,-1.03863825410222,0.00618705463353004,-0.294109100942836,-0.279597287383783,-0.675355321142161,-1.62202596272872,1.14864314851425
concrete_point_0877,concrete,regression,33.06,0.351457771982088,nominal,-1.29339361034204,1.809287966209,-0.846732596814649,0.956846928599884,-0.536448824738784,-1.87667539198443,1.22754364073004,-0.279597287383783,-0.279597287383783,-0.52626175199204,1.22977496823115
concrete_point_0411,concrete,regression,21.29,0.36674874377201,nominal,-1.04077741679614,-0.698844289039122,1.84714350383341,-1.15983085393508,-0.352312700638856,0.429316661831145,1.03297165081122,-0.675355321142161,-0.279597287383783,-1.16931586627413,0.963198989161343
concrete_point_0596,concrete,regression,17.6,0.370034993450775,nominal,-0.908728042897152,0.581879436491919,-0.846732596814649,0.19353171056183,-1.03863825410222,1.42090610605413,-0.115751443517245,-0.279597287383783,-0.279597287383783,1.46463378582531,0.530882292669869
concrete_point_0340,concrete,regression,21.91,0.466954088564278,nominal,0.153408225420811,-0.856471824489096,0.989290847652562,-0.316906073279566,0.551628272215336,0.641524519544234,-0.250455128845663,-0.675355321142161,-0.279597287383783,-0.0143906770234971,-0.57830558545973
concrete_point_0782,concrete,regression,14.2,0.361497280774603,nominal,0.141925671168725,-0.856471824489096,-0.846732596814649,0.488555383791262,-1.03863825410222,1.44148383771115,-0.10702064909781,-0.61203403574082,-0.675355321142161,-0.999549580103657,-0.57830558545973
concrete_point_0874,concrete,regression,28.63,0.347495806184527,nominal,-0.422633246225507,0.209832091790142,0.262694335586815,3.06415888023868,-0.0342593953753441,-1.54228725255774,-0.980100091041266,-0.279597287383783,0.1636517104256,-1.32364885370183,-0.856471824489096
concrete_point_0634,concrete,regression,14.2,0.367659412546059,nominal,-0.0590190282427812,-0.856471824489096,-0.846732596814649,0.0670929934635031,-1.03863825410222,1.48006708456808,0.429299579524599,-0.61203403574082,-0.279597287383783,1.06851245142754,2.68203454116364
concrete_point_0737,concrete,regression,12.05,0.260067174701102,nominal,-0.413064451015435,-0.856471824489096,-0.846732596814649,0.20758045690609,-1.03863825410222,1.87876063542298,0.192320873854232,-0.61203403574082,-0.61203403574082,1.95592712913683,3.10855610767533
concrete_point_0772,concrete,regression,13.52,0.325141995976322,nominal,0.476833503521236,-0.856471824489096,-0.846732596814649,0.488555383791262,-1.03863825410222,0.0653480331474826,0.641333158282295,-0.675355321142161,-0.279597287383783,-1.94098080341264,1.00376489901979
concrete_point_0741,concrete,regression,30.96,0.412624454618994,nominal,0.151494466378797,-0.856471824489096,-0.846732596814649,0.20758045690609,-1.03863825410222,0.862735134857274,-0.493670116244198,-0.61203403574082,-0.279597287383783,-1.55386222661482,1.33640535985908
concrete_point_0695,concrete,regression,32.88,0.396070997987738,nominal,-0.432202041435579,0.963198989161343,-0.846732596814649,0.488555383791262,-1.03863825410222,-0.00410181119498281,-0.305334408053538,-0.279597287383783,-0.279597287383783,1.23570652114089,1.33640535985908
concrete_point_0794,concrete,regression,18.13,0.355970852114852,nominal,0.199338442429156,-0.856471824489096,-0.846732596814649,1.00367608308075,-1.03863825410222,0.0139037040049154,0.541552650631614,-0.501221786288474,-0.279597287383783,1.11224013119873,-0.856471824489096
concrete_point_0195,concrete,regression,12.45,0.328330033402846,nominal,-0.827393283611542,-0.856471824489096,0.723653413133902,-0.747734294503499,0.216835319306376,0.430602770059709,1.6503635418998,-0.675355321142161,0.701882636336994,-0.585422730505992,-0.856471824489096
concrete_point_0912,concrete,regression,15.52,0.348554317645036,nominal,-1.27425601992189,-0.856471824489096,1.99715052567924,-0.0265653154982213,1.47230889271498,-1.72234240455673,1.37721440220606,-0.279597287383783,0.701882636336994,1.1418206204557,-0.856471824489096
concrete_point_0624,concrete,regression,12.54,0.375370816515809,nominal,0.247182418479514,-0.856471824489096,-0.846732596814649,0.535384538272125,-1.03863825410222,-0.0632627897089354,0.479189833349939,-0.675355321142161,0.701882636336994,0.0344814356619426,0.375572809211806
concrete_point_0559,concrete,regression,19.77,0.366058717381709,nominal,-0.0800703777049389,1.25179646215431,-0.846732596814649,0.19353171056183,-1.03863825410222,0.50776926377356,-0.739379616333999,-0.61203403574082,0.1636517104256,-0.362926006964389,1.31090678794805
concrete_point_0337,concrete,regression,51.33,0.358598536756485,anomaly,-0.0580621487217738,-0.856471824489096,1.05023120027743,-1.03339213683676,0.618586862797128,1.037645853942,0.0488863941063785,-0.279597287383783,-0.279597287383783,1.95592712913683,-0.856471824489096
concrete_point_0663,concrete,regression,33.66,0.396335722089498,nominal,-1.18813686303125,1.87882952596634,-0.846732596814649,0.488555383791262,-1.03863825410222,-0.482534072220858,0.0950348788948189,-0.279597287383783,5.05522100767915,-1.20789911313106,-0.856471824489096
concrete_point_0765,concrete,regression,14.7,0.275495513602191,nominal,0.99354844486511,-0.856471824489096,-0.846732596814649,0.20758045690609,-1.03863825410222,-0.0889849542802189,-0.13196577601048,-0.675355321142161,-0.279597287383783,0.420313904231196,0.581879436491919
concrete_point_0060,concrete,regression,33.02,0.400574964859316,nominal,0.491186696336344,0.795140219747767,-0.846732596814649,2.1744049451023,-1.03863825410222,-0.52626175199204,-2.23982900013111,-0.279597287383783,-0.279597287383783,-0.811777778733288,0.0243879324372308
concrete_point_0346,concrete,regression,33.73,0.373857806357575,nominal,-0.645586174620179,-0.856471824489096,1.88308268615064,-1.25348916289681,0.668805805733471,1.03635974571344,0.0351665743044097,-0.501221786288474,0.701882636336994,0.709688255658135,-0.856471824489096
concrete_point_0265,concrete,regression,19.52,0.339617080570601,nominal,-0.661853126477301,-0.856471824489096,1.10335868718116,-1.05680671407719,0.26705426224272,1.44662827062541,0.32328279014575,-0.675355321142161,0.1636517104256,-0.362926006964389,0.309508327442331
concrete_point_0224,concrete,regression,33.54,0.412959577495627,nominal,-1.10106082661959,-0.856471824489096,1.70494934770872,-0.237296510662101,-0.285354110057064,1.10195126537021,0.08131505909285,0.860185849840345,-0.501221786288474,1.32187577245469,-0.856471824489096
concrete_point_0534,concrete,regression,11.65,0.346710107967658,nominal,0.0749441046982231,-0.856471824489096,-0.846732596814649,0.488555383791262,-1.03863825410222,-0.768050098962105,1.51815436926265,-0.675355321142161,0.701882636336994,-0.602142137477326,2.18249433690673
concrete_point_0619,concrete,regression,26.94,0.400192715775137,nominal,-0.259963727654288,-0.856471824489096,-0.846732596814649,0.769530310676435,-1.03863825410222,-0.0632627897089354,1.11529056962303,0.701882636336994,0.701882636336994,1.48135319279664,0.520451058706268
concrete_point_1019,concrete,regression,37.27,0.334048763013744,anomaly,0.384973069504547,-0.856471824489096,1.15179845465221,0.043678416223072,0.886421225124296,-1.32236274547327,0.0763260337103163,-0.279597287383783,-0.279597287383783,0.83701297028599,-0.856471824489096
concrete_point_0876,concrete,regression,18.28,0.347564823580495,nominal,-1.20727445345139,1.26454574810982,-0.846732596814649,0.535384538272125,0.467930033988096,0.952762710856766,-0.955154964128596,-0.279597287383783,-0.279597287383783,1.46463378582531,2.42125369207361
concrete_point_0245,concrete,regression,19.93,0.349922914161519,nominal,-0.412107571494428,-0.856471824489096,0.623648731903347,0.240360865042692,0.133137081079136,-0.296048379079052,0.915729554321667,-0.675355321142161,-0.279597287383783,0.348291843431602,-0.856471824489096
concrete_point_0478,concrete,regression,23.35,0.591344589950323,nominal,1.57724495267949,-0.57830558545973,0.387700187125008,-0.916319250634602,0.903160872769744,-0.0761238719945772,-0.768066512283569,-0.675355321142161,0.701882636336994,1.95592712913683,-0.856471824489096
concrete_point_0662,concrete,regression,10.39,0.33849664150708,nominal,-1.33836694782937,1.60066328693697,-0.846732596814649,1.02709066032118,-1.03863825410222,-0.0143906770234971,-0.312817946127339,-0.61203403574082,-0.501221786288474,-0.482534072220858,0.916837949323115
concrete_point_0600,concrete,regression,20.97,0.282208132975203,nominal,0.55338386520181,-0.856471824489096,-0.846732596814649,0.722701156195573,-1.03863825410222,-0.0632627897089354,0.0925403662035513,-0.61203403574082,-0.279597287383783,-0.00410181119498281,1.90432809787737
concrete_point_0815,concrete,regression,38.11,0.395122457306431,anomaly,0.27588880410973,-0.856471824489096,-0.846732596814649,0.488555383791262,-1.03863825410222,-0.0375406251376518,0.953147244690672,4.97606940092748,-0.61203403574082,-0.536550617820553,0.244602871668813
concrete_point_0942,concrete,regression,28.94,0.348636297925869,nominal,-1.41683106855196,1.57980081900977,-0.846732596814649,0.661823255370452,-0.519709177093336,-0.302478920221873,0.270898023629142,-0.279597287383783,-0.675355321142161,0.870451784228658,0.564494046552584
concrete_point_0297,concrete,regression,31.12,0.380280961571887,nominal,-1.07426820003139,-0.367362854195794,1.09554582146003,-1.08958712221379,0.76924369160616,1.38746729211146,0.282123330739845,-0.279597287383783,-0.279597287383783,1.94821047976544,-0.332592074317123
concrete_point_0190,concrete,regression,10.38,0.356619093882971,nominal,-0.453253390897737,-0.856471824489096,0.631461597624484,0.764847395228349,-0.268614462411616,-0.333345517707413,0.98058688429461,-0.675355321142161,0.1636517104256,0.870451784228658,0.581879436491919
concrete_point_0073,concrete,regression,33.4,0.483933950323978,nominal,1.37630025326798,0.375572809211806,-0.846732596814649,-1.31436706372193,1.7234036073967,-1.55386222661482,1.4158793489207,-0.675355321142161,-0.675355321142161,0.909035031085583,1.0165141849753
concrete_point_0425,concrete,regression,33.01,0.402993357227793,nominal,-1.03025174206506,-0.275799800515294,1.86433180841991,-0.785197618088188,0.0494388428518959,0.428030553602582,0.24844740940774,-0.501221786288474,-0.61203403574082,0.0139037040049154,2.68203454116364
concrete_point_0979,concrete,regression,28.99,0.34897899889567,nominal,-1.20536069440938,1.27497698207342,1.39087214571901,0.572847861856815,0.501409329278992,-1.20018246375967,-0.936446118944093,-0.279597287383783,3.55134047939731,0.669818900572647,-0.856471824489096
concrete_point_0206,concrete,regression,20.92,0.328466295658303,nominal,-0.660896246956293,-0.856471824489096,1.05335634656589,-0.0593457236348242,-0.0844783383116881,1.08909018308457,0.0713370083277811,-0.501221786288474,-0.61203403574082,-0.0632627897089354,-0.856471824489096
concrete_point_0564,concrete,regression,21.82,0.421095661727387,nominal,-0.674292560250394,2.80720934872685,-0.846732596814649,0.19353171056183,-1.03863825410222,0.0524869508618408,-1.05119370274238,-0.61203403574082,5.05522100767915,0.428030553602582,-0.601486105378844
concrete_point_0614,concrete,regression,11.36,0.344463076913108,nominal,-0.0398814378226377,-0.856471824489096,-0.846732596814649,0.4417262293104,-1.03863825410222,-0.0632627897089354,1.02798262542868,-0.675355321142161,-0.61203403574082,0.870451784228658,-0.856471824489096
concrete_point_0963,concrete,regression,13.2,0.34848533442022,nominal,-1.30487616459412,-0.856471824489096,1.24086512387318,-0.0359311463943932,0.819462634542504,0.0846396565759453,0.472953551621771,-0.279597287383783,0.1636517104256,0.952762710856766,-0.856471824489096
concrete_point_0221,concrete,regression,25.48,0.338857034894935,nominal,-1.10106082661959,-0.856471824489096,1.70494934770872,-0.237296510662101,-0.285354110057064,1.10195126537021,0.08131505909285,-0.501221786288474,-0.675355321142161,-1.16931586627413,-0.856471824489096
concrete_point_0696,concrete,regression,22.35,0.396338517631891,nominal,-1.58045746664419,1.14864314851425,-0.846732596814649,0.488555383791262,-1.03863825410222,-0.811777778733288,1.47574765351111,-0.279597287383783,1.17679227684705,1.08909018308457,2.42125369207361
concrete_point_0513,concrete,regression,32.11,0.507778390045506,nominal,1.36673145805791,-0.601486105378844,1.21586395356554,-0.635344323749429,0.451190386342648,-1.94098080341264,-0.294109100942836,-0.675355321142161,-0.501221786288474,1.38746729211146,-0.856471824489096
concrete_point_0727,concrete,regression,14.31,0.308695639121445,nominal,0.476833503521236,-0.856471824489096,-0.846732596814649,0.488555383791262,-1.03863825410222,0.669818900572647,0.591442904456955,-0.675355321142161,-0.279597287383783,-1.55386222661482,-0.856471824489096
concrete_point_0575,concrete,regression,7.51,0.401819685386034,nominal,-1.39195220100577,1.50214607728074,-0.846732596814649,0.19353171056183,-1.03863825410222,1.32830631359751,-0.178114260798921,-0.61203403574082,0.1636517104256,0.870451784228658,-0.555125065540616
concrete_point_0187,concrete,regression,24.89,0.361575672140661,nominal,-0.562337656292554,-0.856471824489096,0.66427563365326,0.362116666692935,-0.285354110057064,-0.0748377637660127,1.20634028285427,-0.279597287383783,-0.501221786288474,0.070492466061739,-0.275799800515294
concrete_point_0699,concrete,regression,41.68,0.405311534640456,anomaly,-0.74318788576291,2.68203454116364,-0.846732596814649,1.02709066032118,-1.03863825410222,-0.122423768222888,-1.79081671570305,-0.279597287383783,-0.675355321142161,1.48006708456808,1.02578639294295
concrete_point_0945,concrete,regression,25.56,0.347446165652574,nominal,-1.22545516435053,0.824115869646659,0.918975056162328,-0.143638201700377,0.300533557533616,0.372727899774321,-1.05867724081618,-0.279597287383783,-0.61203403574082,-1.00212179656079,-0.856471824489096
concrete_point_0317,concrete,regression,33.94,0.388889108045641,nominal,-0.281015077116445,-0.856471824489096,0.714277974268537,-1.66090280688031,1.03707805393333,0.425458337145453,1.57428090481616,-0.279597287383783,-0.279597287383783,0.322569678860318,-0.856471824489096
concrete_point_0764,concrete,regression,6.27,0.287783371851168,nominal,0.99354844486511,-0.856471824489096,-0.846732596814649,0.20758045690609,-1.03863825410222,-0.0889849542802189,-0.13196577601048,-0.707015963842831,-0.279597287383783,0.372727899774321,-0.856471824489096
concrete_point_0547,concrete,regression,31.97,0.395338630686201,nominal,0.49597109394138,-0.856471824489096,-0.846732596814649,0.488555383791262,-1.03863825410222,-0.536550617820553,0.860850275113793,-0.279597287383783,-0.279597287383783,0.726407662629472,-0.856471824489096
concrete_point_0035,concrete,regression,53.69,0.389129509369127,anomaly,-0.872366621098879,1.34567756782672,-0.846732596814649,2.1744049451023,-1.03863825410222,-0.52626175199204,-1.29191417744964,5.05522100767915,0.701882636336994,0.502624830859304,-0.856471824489096
concrete_point_0832,concrete,regression,16.5,0.347477587286156,nominal,-1.21684324866146,0.812525609687102,0.903349324720054,1.7997717092554,0.635326510442576,-0.642011492562816,-1.44158493892566,-0.279597287383783,-0.279597287383783,0.325141895317447,1.06751132879735
concrete_point_0637,concrete,regression,26.85,0.352361515091098,nominal,0.180200852009012,-0.856471824489096,-0.846732596814649,0.113922147944365,-1.03863825410222,1.31287301485474,0.267156254592242,-0.279597287383783,-0.675355321142161,-1.79950889827058,-0.555125065540616
concrete_point_0894,concrete,regression,23.52,0.341243098960017,nominal,-1.26468722471182,0.511178850738622,0.590834695874571,0.0670929934635031,0.133137081079136,-0.256179023993562,0.0800678027472162,-0.279597287383783,-0.279597287383783,0.430602770059709,-0.856471824489096
concrete_point_0807,concrete,regression,24,0.280724942561185,nominal,0.964842059234895,-0.856471824489096,-0.846732596814649,0.160751302425227,-1.03863825410222,0.952762710856766,-0.431307298962522,-0.61203403574082,-0.61203403574082,1.50578924913936,0.63287658031397
concrete_point_0761,concrete,regression,29.98,0.409336321375811,nominal,0.658640612512599,-0.856471824489096,-0.846732596814649,1.00367608308075,-1.03863825410222,0.0139037040049154,0.0177049854655408,0.1636517104256,-0.501221786288474,-0.0632627897089354,2.04109316540014
concrete_point_0831,concrete,regression,33.76,0.348569814630011,nominal,-1.14029288698089,1.34567756782672,1.46587565664192,-0.120223624459946,2.1418947985329,-1.73520348684237,-0.406362172049852,-0.279597287383783,0.860185849840345,0.957907143771024,1.17182366843337
concrete_point_0012,concrete,regression,28.02,0.376503122131747,nominal,-0.790074982292262,0.678078594156242,-0.846732596814649,0.488555383791262,-1.03863825410222,0.070492466061739,0.647569440010462,-0.279597287383783,0.860185849840345,0.909035031085583,-0.856471824489096
concrete_point_0628,concrete,regression,7.84,0.385232789530454,nominal,-0.776678668998162,-0.856471824489096,-0.846732596814649,-0.0733944699790834,-1.03863825410222,1.95592712913683,0.890784427408997,-0.61203403574082,-0.279597287383783,0.690396632229673,-0.856471824489096
concrete_point_0555,concrete,regression,15.69,0.36628871907725,nominal,-0.411150691973421,0.984061457088545,-0.846732596814649,0.19353171056183,-1.03863825410222,0.870451784228658,-0.489928347207298,-0.61203403574082,-0.279597287383783,0.372727899774321,-0.624666625297958
concrete_point_0948,concrete,regression,23.84,0.334842146941331,nominal,0.178287092966998,-0.856471824489096,1.02523002996979,1.40172389616807,0.618586862797128,-1.21818797895957,-0.573494522364742,-0.279597287383783,-0.61203403574082,1.06851245142754,-0.416041946025933
concrete_point_0789,concrete,regression,18.13,0.236146999178333,nominal,0.649071817302527,-0.856471824489096,-0.846732596814649,0.488555383791262,-1.03863825410222,0.952762710856766,0.404354452611928,-0.61203403574082,0.701882636336994,-0.362926006964389,2.4815230438633
concrete_point_0217,concrete,regression,28.47,0.337072921979543,nominal,-0.869495982535857,-0.856471824489096,1.10960897975807,-0.921002166082688,0.618586862797128,1.48135319279664,0.361947736860389,-0.279597287383783,5.05522100767915,-0.0761238719945772,0.280532677543439
concrete_point_0672,concrete,regression,20.42,0.338207159219159,nominal,-0.432202041435579,0.963198989161343,-0.846732596814649,0.488555383791262,-1.03863825410222,-0.00410181119498281,-0.305334408053538,-0.61203403574082,-0.279597287383783,-0.478675747535165,-0.856471824489096
concrete_point_0657,concrete,regression,11.41,0.322864172965921,nominal,-0.776678668998162,0.685032750131976,-0.846732596814649,0.488555383791262,-1.03863825410222,-0.0967016036516043,0.406848965303196,-0.675355321142161,-0.61203403574082,0.862735134857274,-0.856471824489096
concrete_point_0191,concrete,regression,22.14,0.326199587492297,nominal,-0.453253390897737,-0.856471824489096,0.631461597624484,0.764847395228349,-0.268614462411616,-0.333345517707413,0.98058688429461,-0.501221786288474,-0.279597287383783,-1.73520348684237,1.33408730786716
concrete_point_0949,concrete,regression,26.23,0.348647517600495,nominal,-1.22545516435053,0.824115869646659,0.918975056162328,-0.143638201700377,0.300533557533616,-1.35965988410163,0.62886059482596,-0.279597287383783,1.17679227684705,-0.0375406251376518,-0.856471824489096
concrete_point_0330,concrete,regression,23.52,0.466979887749249,nominal,-0.328859053166804,-0.856471824489096,1.10804640661385,-1.79202443942672,0.970119463351536,1.46463378582531,0.340744378984619,-0.675355321142161,0.1636517104256,-1.55386222661482,-0.57830558545973
concrete_point_0428,concrete,regression,19.42,0.30012781511531,nominal,-0.869495982535857,-0.856471824489096,1.10960897975807,-0.700905140022636,0.618586862797128,1.3643173439973,0.315799252071949,-0.501221786288474,0.1636517104256,-0.52626175199204,-0.856471824489096
concrete_point_0647,concrete,regression,47.71,0.388821201674371,anomaly,-0.29632514945256,1.076783536765,-0.846732596814649,1.02709066032118,-1.03863825410222,0.0602036002332262,-0.991325398151967,0.701882636336994,0.1636517104256,1.44148383771115,-0.601486105378844
concrete_point_0843,concrete,regression,15.57,0.351399553161983,nominal,-1.24554963429168,-0.856471824489096,2.02840198856379,-0.682173478230291,0.970119463351536,0.232542102860826,-0.0197127049034644,-0.279597287383783,-0.61203403574082,1.1418206204557,0.497270538787154
concrete_point_0594,concrete,regression,11.48,0.230971394871008,nominal,-0.274316920469395,-0.856471824489096,-0.846732596814649,0.19353171056183,-1.03863825410222,1.78358862650923,0.133699825609457,-0.61203403574082,-0.279597287383783,0.428030553602582,-0.856471824489096
concrete_point_0879,concrete,regression,31.03,0.348610020557284,nominal,-1.41778794807297,1.57748276701786,-0.846732596814649,0.675872001714711,-0.536448824738784,-0.307623353136129,0.267156254592242,-0.279597287383783,-0.279597287383783,-1.97699183381243,-0.856471824489096
concrete_point_0860,concrete,regression,15.09,0.350563735819372,nominal,-1.12115529656074,-0.856471824489096,2.27841369164018,-0.0265653154982213,1.13751593980602,-1.59373158170031,0.903256990865332,-0.279597287383783,-0.675355321142161,0.372727899774321,0.277055599555572
concrete_point_0850,concrete,regression,18.03,0.349300688320299,nominal,-1.11158650135067,-0.856471824489096,1.49712711952647,0.0202638389826409,0.970119463351536,0.644096736001363,-0.556032933525873,-0.279597287383783,-0.61203403574082,0.422886120688324,0.680396646148153
concrete_point_0228,concrete,regression,32.85,0.411337706106184,nominal,-1.08288011572046,-0.368521880191749,1.71276221342986,-2.79885126076526,-0.0844783383116881,1.10323737359878,0.08131505909285,0.1636517104256,-0.279597287383783,0.647955060687055,1.33640535985908
concrete_point_0235,concrete,regression,13.18,0.293966559642799,nominal,-0.644629295099171,0.280532677543439,-0.463902176478933,0.00621509263838172,0.0829181381427919,1.19712327428396,0.148666901757059,-0.675355321142161,0.717712957687329,0.0846396565759453,0.487998330819508
concrete_point_0823,concrete,regression,25.18,0.345157734608494,nominal,0.39071434663059,-0.856471824489096,-0.846732596814649,1.00367608308075,-1.03863825410222,0.0139037040049154,0.329519071873918,-0.279597287383783,-0.675355321142161,1.6086779074245,-0.636256885257514
concrete_point_0590,concrete,regression,31.9,0.282837968507569,nominal,0.555297624243824,-0.856471824489096,-0.846732596814649,0.19353171056183,-1.03863825410222,1.23827873759801,-0.240477078080596,-0.279597287383783,-0.279597287383783,1.78358862650923,0.824115869646659
concrete_point_0913,concrete,regression,43.57,0.329037832202162,anomaly,-0.0398814378226377,0.499588590779065,0.575208964432297,0.4417262293104,0.133137081079136,-0.346206599993055,-1.34180443127498,-0.279597287383783,-0.279597287383783,0.214536587660928,-0.856471824489096
concrete_point_0984,concrete,regression,29.07,0.352164235154015,nominal,-1.38525404435872,1.0165141849753,1.11898441862344,-0.466759367618326,0.702285101024368,-0.647155925477072,-0.114504187171611,-0.279597287383783,-0.279597287383783,1.78358862650923,0.638671710293748
concrete_point_0676,concrete,regression,32.53,0.412927363797945,nominal,-0.930736271880316,0.564494046552584,-0.846732596814649,1.02709066032118,-1.03863825410222,-0.176440313822583,0.329519071873918,0.701882636336994,-0.279597287383783,-0.256179023993562,-0.856471824489096
concrete_point_0658,concrete,regression,20.59,0.396336268826718,nominal,-1.65413718976174,1.02578639294295,-0.846732596814649,1.02709066032118,-1.03863825410222,-0.44652304182106,0.940674681234337,-0.279597287383783,-0.279597287383783,0.669818900572647,-0.856471824489096
concrete_point_0783,concrete,regression,21.65,0.360878407607602,nominal,0.141925671168725,-0.856471824489096,-0.846732596814649,0.488555383791262,-1.03863825410222,1.44148383771115,-0.10702064909781,-0.279597287383783,2.12661155786715,0.191386639546772,-0.367362854195794
concrete_point_0758,concrete,regression,18.13,0.322381930468143,nominal,0.658640612512599,-0.856471824489096,-0.846732596814649,1.00367608308075,-1.03863825410222,0.0139037040049154,0.0177049854655408,-0.61203403574082,0.1636517104256,-1.61945374627159,2.68203454116364
concrete_point_0740,concrete,regression,25.18,0.258340767252984,nominal,0.141925671168725,-0.856471824489096,-0.846732596814649,0.20758045690609,-1.03863825410222,1.50578924913936,-0.0571303952724697,-0.279597287383783,-0.675355321142161,0.39716395611704,-0.856471824489096
concrete_point_0587,concrete,regression,14.54,0.341390224387748,nominal,0.959100782108851,-0.856471824489096,-0.846732596814649,0.19353171056183,-1.03863825410222,1.69356105050973,0.133699825609457,-0.61203403574082,-0.279597287383783,1.06851245142754,-0.856471824489096
concrete_point_0704,concrete,regression,30.44,0.377165510523446,nominal,-0.776678668998162,0.685032750131976,-0.846732596814649,0.488555383791262,-1.03863825410222,-0.0967016036516043,0.406848965303196,-0.279597287383783,-0.675355321142161,1.77587197713784,-0.856471824489096
concrete_point_0084,concrete,regression,35.3,0.248923119412613,anomaly,0.779207432159503,1.33408730786716,-0.846732596814649,-0.780514702640102,0.903160872769744,-0.362926006964389,-0.221768232896093,-0.675355321142161,-0.501221786288474,-1.60659266398595,-0.856471824489096
concrete_point_0351,concrete,regression,33.7,0.356266822107132,nominal,-0.647499933662193,-0.856471824489096,1.87526982042951,-1.26285499379298,0.919900520415191,1.02092644697067,0.0239412671937084,-0.501221786288474,1.17679227684705,-0.88637205599001,0.375572809211806
concrete_point_0923,concrete,regression,33.8,0.352193532441126,nominal,-0.250394932444216,0.29096391150704,0.356448724240459,0.348067920348676,-0.0342593953753441,-0.693455821705383,-0.306581664399171,-0.279597287383783,-0.279597287383783,0.726407662629472,1.27497698207342
concrete_point_0569,concrete,regression,25.45,0.310069838427907,nominal,1.10837398738597,-0.856471824489096,-0.846732596814649,0.19353171056183,-1.03863825410222,0.870451784228658,-0.489928347207298,-0.61203403574082,-0.61203403574082,-0.52626175199204,0.800935349727546
concrete_point_0215,concrete,regression,9.45,0.317221672754485,nominal,-0.869495982535857,-0.856471824489096,1.10960897975807,-0.921002166082688,0.618586862797128,1.48135319279664,0.361947736860389,-0.675355321142161,-0.501221786288474,1.1418206204557,-0.856471824489096
concrete_point_0865,concrete,regression,31.87,0.331896442731778,nominal,0.161063261588869,-0.856471824489096,0.825220667508684,1.33148016444678,0.802722986897056,-1.19503803084541,-0.368944481680847,-0.279597287383783,-0.279597287383783,1.32187577245469,1.31090678794805
concrete_point_0422,concrete,regression,34.24,0.405028923570714,nominal,-0.98719216361974,0.647943918261394,1.00647915223906,-0.0780773854271694,-0.436010938866096,0.442177744116787,-0.334021304003109,-0.501221786288474,-0.279597287383783,-0.0761238719945772,0.511178850738622
concrete_point_1000,concrete,regression,15.57,0.351438041058676,nominal,-1.24650651381268,-0.856471824489096,2.02683941541957,-0.700905140022636,0.903160872769744,0.235114319317955,-0.0172181922121968,-0.279597287383783,-0.279597287383783,0.518058129602074,-0.856471824489096
concrete_point_0472,concrete,regression,57.03,0.249210274627276,anomaly,1.57724495267949,-0.57830558545973,0.387700187125008,-0.916319250634602,0.903160872769744,-0.0761238719945772,-0.768066512283569,-0.279597287383783,-0.279597287383783,-0.101846036565861,-0.856471824489096
concrete_point_0419,concrete,regression,11.98,0.309436896280389,nominal,-0.284842595200474,-0.856471824489096,1.00179143280638,0.530701622824039,-0.0677386906662401,0.909035031085583,-0.240477078080596,-0.675355321142161,-0.279597287383783,-0.449095258278189,0.945813599222007
concrete_point_0687,concrete,regression,14.14,0.354699553458441,nominal,0.230915466622393,1.50214607728074,-0.846732596814649,1.02709066032118,-1.03863825410222,-0.0967016036516043,-1.77834415224671,-0.675355321142161,-0.61203403574082,0.957907143771024,-0.856471824489096
concrete_point_0926,concrete,regression,27.23,0.408734832320617,nominal,-1.12115529656074,1.03274054891868,1.15336102779644,0.722701156195573,0.300533557533616,-0.153290365708428,-1.65361851768336,-0.279597287383783,-0.61203403574082,-0.0143906770234971,-0.856471824489096
concrete_point_0296,concrete,regression,23.51,0.337291367723476,nominal,-1.07426820003139,-0.367362854195794,1.09554582146003,-1.08958712221379,0.76924369160616,1.38746729211146,0.282123330739845,-0.501221786288474,-0.61203403574082,1.03635974571344,-0.856471824489096
concrete_point_0997,concrete,regression,26.86,0.34919785941295,nominal,-1.23023956195556,1.91012322785714,-0.846732596814649,0.86318861963816,0.0159595475609998,0.371441791545757,-1.11854554540659,-0.279597287383783,-0.675355321142161,-0.362926006964389,-0.856471824489096
concrete_point_0305,concrete,regression,23.14,0.460621999482649,nominal,-0.0389245583016303,-0.856471824489096,0.675213645662852,-0.981880066907809,0.93664016806064,0.0126175957763509,1.27244486917285,-0.675355321142161,-0.279597287383783,0.914179463999841,0.951608729201786
concrete_point_0599,concrete,regression,13.22,0.306181615556374,nominal,0.55338386520181,-0.856471824489096,-0.846732596814649,0.722701156195573,-1.03863825410222,-0.0632627897089354,0.0925403662035513,-0.675355321142161,-0.279597287383783,-0.0632627897089354,-0.856471824489096
concrete_point_1027,concrete,regression,31.18,0.352131837798551,nominal,0.392628105672605,-0.856471824489096,0.959601957912241,0.675872001714711,0.702285101024368,-1.99371124078377,0.496651422188808,-0.279597287383783,-0.279597287383783,-0.229170751193714,-0.856471824489096
concrete_point_1030,concrete,regression,32.4,0.351455415538817,nominal,-0.193939040704793,0.308349301446376,0.376762175115416,0.891286112326677,0.400971443406304,-1.39438480627286,-0.150674621194983,-0.279597287383783,-0.675355321142161,1.10323737359878,1.11734944662345
concrete_point_0911,concrete,regression,26.14,0.347405908678992,nominal,-1.31253120076218,0.719803530010647,0.809594936066409,-0.167052778940808,0.133137081079136,-0.410512011421264,0.00523242200920574,-0.279597287383783,-0.501221786288474,-0.554556133020452,1.33408730786716
concrete_point_0548,concrete,regression,23.4,0.336464919903037,nominal,0.49597109394138,-0.856471824489096,-0.846732596814649,0.488555383791262,-1.03863825410222,-0.536550617820553,0.860850275113793,-0.61203403574082,-0.279597287383783,-0.0632627897089354,-0.856471824489096
concrete_point_0726,concrete,regression,38.7,0.368570419144078,anomaly,0.27588880410973,-0.856471824489096,-0.846732596814649,0.488555383791262,-1.03863825410222,0.502624830859304,0.70369597556397,1.17679227684705,-0.279597287383783,-1.21561576250244,-0.856471824489096
concrete_point_0659,concrete,regression,25.89,0.362655691054185,nominal,0.230915466622393,1.50214607728074,-0.846732596814649,1.02709066032118,-1.03863825410222,-0.0967016036516043,-1.77834415224671,-0.61203403574082,-0.279597287383783,0.420313904231196,0.869317883488931
concrete_point_0281,concrete,regression,24.43,0.242941518540404,nominal,-0.284842595200474,-0.856471824489096,1.00179143280638,0.324653343108245,0.0326991952064479,0.71354658034383,-0.198070362329056,-0.501221786288474,-0.279597287383783,-1.8380921451275,-0.856471824489096
concrete_point_0275,concrete,regression,17.22,0.27683609943536,nominal,-0.284842595200474,-0.856471824489096,1.00179143280638,0.324653343108245,-0.0677386906662401,0.71354658034383,-0.198070362329056,-0.675355321142161,-0.279597287383783,0.0139037040049154,0.647943918261394
concrete_point_0567,concrete,regression,32.05,0.364985530193843,nominal,-0.24561053483918,1.11734944662345,-0.846732596814649,0.19353171056183,-1.03863825410222,0.690396632229673,-0.614653981770648,-0.279597287383783,-0.675355321142161,-0.296048379079052,1.81508309618878
concrete_point_0246,concrete,regression,25.69,0.317823005502494,nominal,-0.412107571494428,-0.856471824489096,0.623648731903347,0.240360865042692,0.133137081079136,-0.296048379079052,0.915729554321667,-0.501221786288474,-0.61203403574082,-0.554556133020452,0.824115869646659
concrete_point_0541,concrete,regression,24.4,0.445470518159942,nominal,1.90258398982193,-0.856471824489096,-0.846732596814649,0.488555383791262,-1.03863825410222,-0.472245206392344,-0.765571999592302,-0.675355321142161,-0.279597287383783,0.952762710856766,-0.856471824489096
concrete_point_0505,concrete,regression,29.55,0.506354233370031,nominal,2.00784073713271,-0.555125065540616,1.07523237058507,0.910017774119022,-0.385791995929752,-1.94098080341264,-0.930209837215925,-0.675355321142161,0.860185849840345,0.0126175957763509,-0.636256885257514
concrete_point_0802,concrete,regression,19.69,0.216009522362171,nominal,-0.279101318074431,-0.856471824489096,-0.846732596814649,0.160751302425227,-1.03863825410222,1.77587197713784,0.129958056572557,-0.279597287383783,-0.279597287383783,0.448608285259607,0.71632645202278
concrete_point_0255,concrete,regression,13.54,0.337736568639866,nominal,-0.657068728872265,-0.856471824489096,0.722090839989674,-1.04275796773293,0.417711091051752,0.448608285259607,1.62167664595023,-0.675355321142161,-0.675355321142161,1.10323737359878,-0.856471824489096
concrete_point_0553,concrete,regression,9.62,0.400400331612128,nominal,-1.17091303165312,1.90432809787737,-0.846732596814649,0.19353171056183,-1.03863825410222,0.870451784228658,-0.489928347207298,-0.61203403574082,3.55134047939731,0.103931280004408,-0.624666625297958
concrete_point_0503,concrete,regression,33.49,0.361011340114224,nominal,2.00784073713271,-0.555125065540616,1.07523237058507,1.33148016444678,-0.385791995929752,-1.16931586627413,-0.930209837215925,-0.61203403574082,-0.279597287383783,-1.59373158170031,-0.856471824489096
concrete_point_0413,concrete,regression,15.52,0.370322016096528,nominal,-1.09244891093053,0.0174337764614967,1.76276455404513,-0.822660941672878,0.283793909888168,0.442177744116787,-0.0434105754705008,-0.675355321142161,3.55134047939731,-0.52626175199204,-0.856471824489096
concrete_point_0778,concrete,regression,31.84,0.282023211241802,nominal,0.55338386520181,-0.856471824489096,-0.846732596814649,0.160751302425227,-1.03863825410222,1.23570652114089,-0.244218847117496,-0.279597287383783,2.12661155786715,1.19712327428396,-0.232915838664933
concrete_point_0606,concrete,regression,6.47,0.315966973349193,nominal,-0.432202041435579,-0.856471824489096,-0.846732596814649,0.582213692752987,-1.03863825410222,-0.0632627897089354,1.3896869656624,-0.675355321142161,-0.279597287383783,1.48006708456808,-0.856471824489096
concrete_point_0583,concrete,regression,25.73,0.401740011392177,nominal,-1.06087188673729,0.945813599222007,-0.846732596814649,0.19353171056183,-1.03863825410222,0.690396632229673,-0.614653981770648,-0.279597287383783,-0.61203403574082,-0.554556133020452,0.280532677543439
concrete_point_0532,concrete,regression,23.85,0.413049091374141,nominal,1.48155700057877,-0.856471824489096,-0.846732596814649,1.70611340029368,-1.03863825410222,-1.73005905392811,-0.672027773669789,-0.279597287383783,-0.279597287383783,-2.21106353141111,2.30535109247804
concrete_point_0589,concrete,regression,8,0.369157215279646,nominal,-0.908728042897152,0.581879436491919,-0.846732596814649,0.19353171056183,-1.03863825410222,1.42090610605413,-0.115751443517245,-0.61203403574082,-0.279597287383783,1.38746729211146,-0.856471824489096
concrete_point_0316,concrete,regression,33.36,0.342245078923364,nominal,-0.281015077116445,-0.856471824489096,0.714277974268537,-1.66090280688031,1.03707805393333,0.425458337145453,1.57428090481616,-0.501221786288474,-0.675355321142161,-0.281901188564846,0.0174337764614967
concrete_point_0759,concrete,regression,22.53,0.300153961712931,nominal,0.658640612512599,-0.856471824489096,-0.846732596814649,1.00367608308075,-1.03863825410222,0.0139037040049154,0.0177049854655408,-0.501221786288474,-0.279597287383783,-0.25232069930787,-0.856471824489096
concrete_point_0570,concrete,regression,22.49,0.392768931441452,nominal,0.959100782108851,-0.856471824489096,-0.846732596814649,0.19353171056183,-1.03863825410222,1.69356105050973,0.133699825609457,-0.279597287383783,-0.675355321142161,0.0653480331474826,-0.856471824489096
concrete_point_0561,concrete,regression,25.75,0.376510086511446,nominal,-0.577647728628669,0.849614441557685,-0.846732596814649,0.19353171056183,-1.03863825410222,1.0556513691419,-0.365202712643947,-0.279597287383783,-0.279597287383783,-0.88637205599001,-0.856471824489096
concrete_point_0573,concrete,regression,13.09,0.377090008671243,nominal,-0.577647728628669,0.849614441557685,-0.846732596814649,0.19353171056183,-1.03863825410222,1.0556513691419,-0.365202712643947,-0.61203403574082,-0.279597287383783,1.48135319279664,-0.856471824489096
concrete_point_0681,concrete,regression,17.28,0.396349876479196,nominal,-1.71442059958519,0.916837949323115,-0.846732596814649,0.488555383791262,-1.03863825410222,-1.10501045484592,2.1006230826735,-0.279597287383783,-0.675355321142161,-1.61945374627159,-0.856471824489096
concrete_point_0078,concrete,regression,33.4,0.483933950323978,nominal,1.37630025326798,0.375572809211806,-0.846732596814649,-1.31436706372193,1.7234036073967,-1.55386222661482,1.4158793489207,-0.675355321142161,-0.279597287383783,1.95592712913683,0.520451058706268
concrete_point_0891,concrete,regression,8.54,0.348547129032478,nominal,-1.17856806782117,-0.856471824489096,2.20028503442881,1.7997717092554,0.802722986897056,-0.963538549703861,-0.755593948827234,-0.279597287383783,-0.279597287383783,1.037645853942,0.520451058706268
concrete_point_0588,concrete,regression,26.91,0.365813365803727,nominal,-0.411150691973421,0.984061457088545,-0.846732596814649,0.19353171056183,-1.03863825410222,0.870451784228658,-0.489928347207298,-0.279597287383783,-0.501221786288474,-2.20977742318255,-0.856471824489096
concrete_point_0937,concrete,regression,28.63,0.347494550545088,nominal,-0.423590125746514,0.206355013802275,0.270507201307952,3.05947596479059,-0.0342593953753441,-1.54357336078631,-0.975111065658732,-0.279597287383783,-0.61203403574082,-2.20977742318255,-0.856471824489096
concrete_point_0291,concrete,regression,21.5,0.338507785090669,nominal,-0.948916982779453,-0.332592074317123,1.0596066391428,-0.532320183891533,0.334012852824512,1.11224013119873,0.0887985971666514,-0.501221786288474,0.1636517104256,0.669818900572647,2.04109316540014
concrete_point_0791,concrete,regression,39.49,0.333581820040627,anomaly,0.649071817302527,-0.856471824489096,-0.846732596814649,0.488555383791262,-1.03863825410222,0.952762710856766,0.404354452611928,0.701882636336994,-0.501221786288474,0.532205320116279,1.87882952596634
concrete_point_0366,concrete,regression,38.6,0.413415262852515,anomaly,-0.634103620368093,-0.232915838664933,1.05804406599857,-1.21602583931212,0.568367919860784,0.532205320116279,0.0875513408210176,-0.501221786288474,-0.279597287383783,-0.52626175199204,-0.856471824489096
concrete_point_0213,concrete,regression,31.54,0.39473651170346,nominal,-0.489614812696009,-0.856471824489096,1.00179143280638,0.65245742447428,-0.268614462411616,0.726407662629472,-0.186845055218354,0.1636517104256,-0.279597287383783,0.669818900572647,-0.624666625297958
concrete_point_0075,concrete,regression,29,0.504856984643193,nominal,0.897860492764393,0.230694559717344,-0.846732596814649,-2.57407131925712,2.87843929493261,-1.55386222661482,2.73173479356406,-0.675355321142161,4.97606940092748,1.03635974571344,0.375572809211806
concrete_point_0196,concrete,regression,24.99,0.309552812417729,nominal,-0.827393283611542,-0.856471824489096,0.723653413133902,-0.747734294503499,0.216835319306376,0.430602770059709,1.6503635418998,-0.501221786288474,0.860185849840345,-0.474817422849473,-0.856471824489096
concrete_point_0929,concrete,regression,24.58,0.413125281060087,nominal,-1.26468722471182,0.916837949323115,2.18465930298653,0.488555383791262,0.300533557533616,-0.487678505135115,-1.87812465989739,-0.279597287383783,0.1636517104256,0.0653480331474826,-0.856471824489096
concrete_point_0611,concrete,regression,25.08,0.408434265011734,nominal,-0.432202041435579,-0.856471824489096,-0.846732596814649,0.535384538272125,-1.03863825410222,-0.0632627897089354,1.3896869656624,5.05522100767915,-0.61203403574082,0.429316661831145,0.280532677543439
concrete_point_0082,concrete,regression,25.2,0.353022348961685,nominal,0.360094201958361,1.60645841691675,-0.846732596814649,-1.21134292386403,1.35513135919684,-1.55386222661482,1.33231317376326,-0.675355321142161,-0.279597287383783,-2.20591909849686,2.42125369207361
concrete_point_0840,concrete,regression,26.86,0.349113391391621,nominal,-1.22641204387153,1.91360030584501,-0.846732596814649,0.86318861963816,-0.0342593953753441,0.374014008002886,-1.11729828906095,-0.279597287383783,0.717712957687329,0.0126175957763509,-0.856471824489096
concrete_point_0674,concrete,regression,15.03,0.338020710961537,nominal,-0.661853126477301,0.781231907796299,-0.846732596814649,1.02709066032118,-1.03863825410222,0.00618705463353004,-0.294109100942836,-0.61203403574082,-0.279597287383783,-1.55386222661482,-0.856471824489096
concrete_point_0738,concrete,regression,17.54,0.236474578721371,nominal,-0.413064451015435,-0.856471824489096,-0.846732596814649,0.20758045690609,-1.03863825410222,1.87876063542298,0.192320873854232,-0.279597287383783,-0.707015963842831,-1.94098080341264,-0.856471824489096
concrete_point_0300,concrete,regression,22.5,0.445226953531907,nominal,0.0883404179923234,-0.856471824489096,0.656462767932123,-0.630661408301343,0.534888624569888,-0.150718149251299,1.1402356965357,-0.675355321142161,0.1636517104256,-1.54228725255774,-0.223643630697288
concrete_point_0266,concrete,regression,31.35,0.364695875848636,nominal,-0.661853126477301,-0.856471824489096,1.10335868718116,-1.05680671407719,0.26705426224272,1.44662827062541,0.32328279014575,-0.501221786288474,-0.279597287383783,2.07553519439329,-0.856471824489096
concrete_point_0315,concrete,regression,21.02,0.364470570265718,nominal,-0.281015077116445,-0.856471824489096,0.714277974268537,-1.66090280688031,1.03707805393333,0.425458337145453,1.57428090481616,-0.675355321142161,-0.61203403574082,-0.554556133020452,-0.856471824489096
concrete_point_0706,concrete,regression,3.32,0.346501804294557,nominal,-1.51730341825771,1.27497698207342,-0.846732596814649,1.02709066032118,-1.03863825410222,-0.189301396108224,0.330766328219552,-0.675355321142161,-0.279597287383783,0.191386639546772,0.824115869646659
concrete_point_0887,concrete,regression,17.95,0.348363138498794,nominal,-1.27425601992189,-0.856471824489096,1.29399261077691,-1.10363586855805,1.63970536916946,0.374014008002886,0.70369597556397,-0.279597287383783,-0.675355321142161,0.726407662629472,-0.856471824489096
concrete_point_0928,concrete,regression,33.05,0.407263562462888,nominal,-1.18813686303125,1.62384380685609,1.52837858241102,0.86318861963816,0.467930033988096,-1.97956405026956,-0.86784701993425,-0.279597287383783,-0.61203403574082,1.95592712913683,0.522769110698179
concrete_point_0355,concrete,regression,30.45,0.466378134866873,nominal,-0.0379676787806235,0.277055599555572,-0.463902176478933,-0.977197151459724,0.836202282187951,1.1418206204557,0.111249211388054,-0.675355321142161,-0.501221786288474,-1.59373158170031,-0.856471824489096
concrete_point_0661,concrete,regression,31.02,0.413233221247126,nominal,-1.58045746664419,1.14864314851425,-0.846732596814649,0.488555383791262,-1.03863825410222,-0.811777778733288,1.47574765351111,0.701882636336994,0.717712957687329,1.68584440113835,-0.856471824489096
concrete_point_0691,concrete,regression,23.52,0.36280146298327,nominal,0.0653753094881514,1.36885808774584,-0.846732596814649,0.488555383791262,-1.03863825410222,-0.52626175199204,-0.695725644236826,-0.61203403574082,-0.279597287383783,0.518058129602074,-0.856471824489096
concrete_point_0824,concrete,regression,29.59,0.394296951517914,nominal,0.39071434663059,-0.856471824489096,-0.846732596814649,1.00367608308075,-1.03863825410222,0.0139037040049154,0.329519071873918,2.12661155786715,0.1636517104256,1.48135319279664,0.824115869646659
concrete_point_0462,concrete,regression,53.66,0.333251182581741,anomaly,-1.0886213928465,0.64910294425735,1.1627364666618,-0.284125665142963,0.26705426224272,0.429316661831145,-0.336515816694375,0.860185849840345,-0.279597287383783,1.48006708456808,-0.856471824489096
concrete_point_0975,concrete,regression,15.53,0.348559780814377,nominal,-1.27329914040088,-0.856471824489096,1.99871309882347,-0.00783365370587613,1.47230889271498,-1.72362851278529,1.38095617124296,-0.279597287383783,-0.675355321142161,0.669818900572647,-0.856471824489096
concrete_point_0415,concrete,regression,12.55,0.334854423699001,nominal,-0.869495982535857,-0.856471824489096,1.10960897975807,-0.700905140022636,0.618586862797128,1.3643173439973,0.315799252071949,-0.675355321142161,-0.501221786288474,0.862735134857274,-0.856471824489096
concrete_point_0350,concrete,regression,17.37,0.308146871769689,nominal,-0.647499933662193,-0.856471824489096,1.87526982042951,-1.26285499379298,0.919900520415191,1.02092644697067,0.0239412671937084,-0.675355321142161,-0.279597287383783,1.06851245142754,1.33640535985908
concrete_point_0982,concrete,regression,10.54,0.348443001001706,nominal,-1.29913488746808,-0.856471824489096,1.94871075820819,0.942798182255625,0.26705426224272,-1.91525863884135,1.18638418132414,-0.279597287383783,-0.279597287383783,-1.13201872764577,0.280532677543439
concrete_point_0852,concrete,regression,32.84,0.50376250739141,nominal,-1.15943047740103,1.32249704790761,1.43462419375738,1.00367608308075,0.802722986897056,-1.85095322741314,-0.79301163919624,-0.279597287383783,-0.501221786288474,-0.999549580103657,-0.856471824489096
concrete_point_0974,concrete,regression,26.15,0.347846911174029,nominal,-1.31444495980419,0.723280607998514,0.812720082354864,-0.162369863492722,0.216835319306376,-0.404081470278443,0.0089741910461057,-0.279597287383783,5.05522100767915,-1.36223210055876,0.244602871668813
concrete_point_0983,concrete,regression,25.1,0.347514031919799,nominal,0.301724551176923,-0.856471824489096,-0.846732596814649,-0.162369863492722,0.300533557533616,0.34443351874591,0.606409980604557,-0.279597287383783,-0.279597287383783,1.50578924913936,2.04341121739205
concrete_point_0270,concrete,regression,15.44,0.360057668788572,nominal,-0.47239098131788,-0.856471824489096,1.05335634656589,-0.354369396864256,0.0829181381427919,1.0736568843418,0.0613589575627136,-0.675355321142161,-0.61203403574082,0.641524519544234,-0.856471824489096
concrete_point_0562,concrete,regression,33.08,0.653818673186593,nominal,1.10837398738597,-0.856471824489096,-0.846732596814649,0.19353171056183,-1.03863825410222,0.870451784228658,-0.489928347207298,-0.279597287383783,0.701882636336994,0.429316661831145,-0.856471824489096
concrete_point_0040,concrete,regression,36.25,0.389226535241284,anomaly,-0.417848848620471,1.89621491590568,-0.846732596814649,2.1744049451023,-1.03863825410222,-0.52626175199204,-2.23982900013111,2.12661155786715,0.701882636336994,-1.94098080341264,0.824115869646659
concrete_point_0535,concrete,regression,19.2,0.343193265231208,nominal,1.07009880654568,-0.856471824489096,-0.846732596814649,0.488555383791262,-1.03863825410222,-0.41565644433552,0.149914158102693,-0.675355321142161,-0.675355321142161,-0.7539029084479,-0.856471824489096
concrete_point_0552,concrete,regression,8.2,0.345058040138498,nominal,-0.250394932444216,-0.856471824489096,-0.846732596814649,0.488555383791262,-1.03863825410222,-1.06899942444612,2.1380407730425,-0.675355321142161,-0.675355321142161,1.95592712913683,1.27497698207342
concrete_point_0050,concrete,regression,32.82,0.424222398408307,nominal,0.945704468814751,0.244602871668813,-0.846732596814649,2.1744049451023,-1.03863825410222,-0.52626175199204,-2.23982900013111,-0.61203403574082,-0.279597287383783,-0.0632627897089354,-0.856471824489096
concrete_point_0272,concrete,regression,33.73,0.372755207582674,nominal,-0.47239098131788,-0.856471824489096,1.05335634656589,-0.354369396864256,0.0829181381427919,1.0736568843418,0.0613589575627136,-0.279597287383783,-0.675355321142161,-1.10501045484592,1.5658925070583
concrete_point_0760,concrete,regression,27.34,0.350202767930392,nominal,0.658640612512599,-0.856471824489096,-0.846732596814649,1.00367608308075,-1.03863825410222,0.0139037040049154,0.0177049854655408,-0.279597287383783,0.1636517104256,1.50578924913936,1.36885808774584
concrete_point_0055,concrete,regression,14.59,0.338680901862719,nominal,-1.35463389968649,1.57052861104213,-0.846732596814649,0.488555383791262,-1.03863825410222,0.952762710856766,0.41557975972263,-0.61203403574082,-0.279597287383783,-0.647155925477072,-0.368521880191749
concrete_point_0956,concrete,regression,32.25,0.351143739453714,nominal,-0.0819841367469531,-0.856471824489096,0.553332940413113,0.802310718813038,0.735764396315264,-0.53526450959199,-0.141943826775548,-0.279597287383783,-0.675355321142161,0.952762710856766,-0.57830558545973
concrete_point_0936,concrete,regression,29.41,0.403558198142874,nominal,-1.19770565824132,1.20659444831204,2.07527918289061,1.84660086373626,0.133137081079136,-1.5294261702721,-1.99037773100441,-0.279597287383783,0.1636517104256,1.94821047976544,-0.856471824489096
concrete_point_0697,concrete,regression,10.79,0.337957686432075,nominal,-0.930736271880316,0.564494046552584,-0.846732596814649,1.02709066032118,-1.03863825410222,-0.176440313822583,0.329519071873918,-0.61203403574082,-0.501221786288474,1.95592712913683,1.90432809787737
concrete_point_0070,concrete,regression,71.99,0.389741862849666,anomaly,1.95042796587228,-0.856471824489096,-0.846732596814649,-1.6655857223284,-1.03863825410222,1.89162171770862,0.329519071873918,-0.279597287383783,-0.279597287383783,-0.642011492562816,-0.682617925095742
concrete_point_0927,concrete,regression,30.65,0.409198501075929,nominal,-1.14029288698089,1.62384380685609,1.71588735971831,0.956846928599884,0.635326510442576,-1.96670296798392,-1.16718854288629,-0.279597287383783,-0.61203403574082,0.726407662629472,0.268942417583882
concrete_point_0985,concrete,regression,9.74,0.348971223842314,nominal,-1.2091882124934,-0.856471824489096,1.3846218531421,0.549433284616384,0.484669681633544,-1.23104906124521,1.1739116178678,-0.279597287383783,2.12661155786715,0.952762710856766,-0.856471824489096
concrete_point_0292,concrete,regression,31.27,0.380781181619121,nominal,-0.948916982779453,-0.332592074317123,1.0596066391428,-0.532320183891533,0.334012852824512,1.11224013119873,0.0887985971666514,-0.279597287383783,-0.279597287383783,-0.397650929135622,-0.856471824489096
concrete_point_0431,concrete,regression,24.28,0.365005685866063,nominal,-0.827393283611542,-0.856471824489096,0.723653413133902,-0.532320183891533,0.216835319306376,0.322569678860318,1.59922603172883,-0.501221786288474,0.860185849840345,-1.55386222661482,0.685032750131976
concrete_point_0790,concrete,regression,32.72,0.331708951412611,nominal,0.649071817302527,-0.856471824489096,-0.846732596814649,0.488555383791262,-1.03863825410222,0.952762710856766,0.404354452611928,-0.279597287383783,4.97606940092748,-0.52626175199204,1.33408730786716
concrete_point_0957,concrete,regression,23.52,0.3416394813315,nominal,-1.26468722471182,0.506542746754799,0.586146976441889,0.0624100780154171,0.149876728724584,-0.251034591079306,0.0838095717841162,-0.279597287383783,-0.279597287383783,-1.99371124078377,0.963198989161343
concrete_point_0719,concrete,regression,10.35,0.338753130126859,nominal,-1.51730341825771,1.27497698207342,-0.846732596814649,1.02709066032118,-1.03863825410222,-0.189301396108224,0.330766328219552,-0.61203403574082,0.701882636336994,0.734124312000856,-0.856471824489096
concrete_point_0981,concrete,regression,26.92,0.34814893998687,nominal,-1.27616977896391,1.17298269442932,-0.846732596814649,-0.485491029410671,-0.670366005902368,0.348291843431602,0.684987130379468,-0.279597287383783,-0.279597287383783,-0.88637205599001,0.564494046552584
concrete_point_0625,concrete,regression,27.53,0.382096683367333,nominal,0.247182418479514,-0.856471824489096,-0.846732596814649,0.535384538272125,-1.03863825410222,-0.0632627897089354,0.479189833349939,-0.279597287383783,-0.279597287383783,0.420313904231196,-0.856471824489096
concrete_point_0426,concrete,regression,32.9,0.405484725855712,nominal,-1.09244891093053,0.0174337764614967,1.76276455404513,-0.822660941672878,0.283793909888168,0.442177744116787,-0.0434105754705008,-0.501221786288474,-0.501221786288474,-0.52626175199204,1.62384380685609
concrete_point_0715,concrete,regression,8.37,0.337377352573773,nominal,-1.22641204387153,0.325734691385711,-0.846732596814649,0.488555383791262,-1.03863825410222,-1.09214937256028,2.11434290247547,-0.61203403574082,0.701882636336994,0.0139037040049154,0.314144431426154
concrete_point_0739,concrete,regression,18.91,0.269408881441615,nominal,0.141925671168725,-0.856471824489096,-0.846732596814649,0.20758045690609,-1.03863825410222,1.50578924913936,-0.0571303952724697,-0.61203403574082,-0.675355321142161,-0.0967016036516043,-0.856471824489096
concrete_point_0370,concrete,regression,15.34,0.362391816576707,nominal,-0.595828439527806,-0.856471824489096,1.09242067517157,-1.08022129131762,0.8529419298334,1.36045901931161,0.265908998246609,-0.675355321142161,0.701882636336994,0.952762710856766,-0.275799800515294
concrete_point_0664,concrete,regression,27.87,0.396352097977042,nominal,-1.41778794807297,1.46158016742229,-0.846732596814649,0.488555383791262,-1.03863825410222,-0.585422730505992,0.818443559362254,-0.279597287383783,2.12661155786715,0.191386639546772,1.33408730786716
concrete_point_0602,concrete,regression,32.04,0.3491126650569,nominal,0.55338386520181,-0.856471824489096,-0.846732596814649,0.722701156195573,-1.03863825410222,-0.0632627897089354,0.0925403662035513,-0.279597287383783,-0.279597287383783,1.36045901931161,-0.856471824489096
concrete_point_0986,concrete,regression,33.8,0.352801587677377,nominal,-0.247524293881194,0.288645859515129,0.356448724240459,0.329336258556331,0.0494388428518959,-0.693455821705383,-0.302839895362271,-0.279597287383783,-0.675355321142161,0.690396632229673,-0.57830558545973
concrete_point_0288,concrete,regression,35.57,0.39192035142843,anomaly,-0.954658259905496,-0.856471824489096,1.76276455404513,-0.56041767658005,0.233574966951824,1.06336801851328,0.0526281631432785,0.1636517104256,-0.501221786288474,-0.449095258278189,0.280532677543439
concrete_point_0421,concrete,regression,33.09,0.3485157489946,nominal,-1.11158650135067,0.63287658031397,1.21742652670976,-0.302857326935308,0.317273205179064,0.422886120688324,-0.336515816694375,-0.501221786288474,0.1636517104256,-1.55386222661482,-0.856471824489096
concrete_point_0225,concrete,regression,7.75,0.367805325336311,nominal,-1.08288011572046,-0.368521880191749,1.71276221342986,-2.79885126076526,-0.0844783383116881,1.10323737359878,0.08131505909285,-0.675355321142161,-0.61203403574082,1.46463378582531,1.25179646215431
concrete_point_0633,concrete,regression,30.57,0.349193879034247,nominal,0.419420732260806,-0.856471824489096,-0.846732596814649,0.113922147944365,-1.03863825410222,1.15854002742703,0.117485493116221,-0.279597287383783,2.12661155786715,-1.20789911313106,1.50214607728074
concrete_point_0723,concrete,regression,17.24,0.311047642668799,nominal,0.27588880410973,-0.856471824489096,-0.846732596814649,0.488555383791262,-1.03863825410222,0.502624830859304,0.70369597556397,-0.61203403574082,-0.675355321142161,-1.13201872764577,-0.856471824489096
concrete_point_0414,concrete,regression,15.82,0.370187727807916,nominal,-1.02738110350204,0.226058455733522,1.65182186080499,-0.433978959481721,0.585107567506232,0.440891635888224,-0.336515816694375,-0.675355321142161,5.05522100767915,-0.362926006964389,-0.856471824489096
concrete_point_0613,concrete,regression,25.97,0.363938479892906,nominal,-0.0398814378226377,-0.856471824489096,-0.846732596814649,0.4417262293104,-1.03863825410222,-0.0632627897089354,1.02798262542868,-0.279597287383783,-0.279597287383783,-0.719177986276667,-0.555125065540616
concrete_point_0528,concrete,regression,35.75,0.461216519372131,anomaly,0.744759769403245,-0.636256885257514,1.356495536546,-1.2909524864815,0.785983339251608,-0.397650929135622,0.341991635330253,-0.61203403574082,-0.279597287383783,-0.397650929135622,-0.856471824489096
concrete_point_0722,concrete,regression,11.85,0.319996963363384,nominal,0.27588880410973,-0.856471824489096,-0.846732596814649,0.488555383791262,-1.03863825410222,0.502624830859304,0.70369597556397,-0.675355321142161,-0.279597287383783,-1.96670296798392,1.33408730786716
concrete_point_0882,concrete,regression,25.56,0.3474471759793,nominal,-1.22641204387153,0.824115869646659,0.918975056162328,-0.167052778940808,0.300533557533616,0.374014008002886,-1.05493547177928,-0.279597287383783,-0.279597287383783,-1.04070504341771,-0.856471824489096
concrete_point_0717,concrete,regression,10.09,0.338730414468936,nominal,-1.58045746664419,1.14864314851425,-0.846732596814649,0.488555383791262,-1.03863825410222,-0.811777778733288,1.47574765351111,-0.61203403574082,0.1636517104256,0.429316661831145,-0.856471824489096
concrete_point_0969,concrete,regression,13.29,0.347083404287742,nominal,-1.40152099621585,-0.856471824489096,1.74245110317018,-0.0640286390829115,0.635326510442576,-0.153290365708428,0.39063463280996,-0.279597287383783,-0.279597287383783,-1.09214937256028,-0.856471824489096
concrete_point_0121,concrete,regression,56.7,0.379789255404279,anomaly,0.897860492764393,0.230694559717344,-0.846732596814649,-2.57407131925712,2.87843929493261,-1.55386222661482,2.73173479356406,-0.279597287383783,-0.279597287383783,-0.474817422849473,1.62384380685609
concrete_point_0377,concrete,regression,31.97,0.380905830870081,nominal,0.907429287974464,-0.856471824489096,-0.846732596814649,1.54689427505875,-1.03863825410222,0.393305631431348,-0.139449314084281,-0.279597287383783,-0.279597287383783,0.71354658034383,0.64910294425735
concrete_point_0241,concrete,regression,22.32,0.272397769641984,nominal,-0.492485451259031,-0.856471824489096,1.00022885966215,0.638408678130021,-0.0175197477298962,0.709688255658135,-0.199317618674689,-0.501221786288474,5.05522100767915,0.709688255658135,-0.856471824489096
concrete_point_0799,concrete,regression,55.16,0.389316372047099,anomaly,2.09395989402336,-0.856471824489096,-0.846732596814649,0.86318861963816,-1.03863825410222,1.95592712913683,-2.00285029446074,3.55134047939731,-0.279597287383783,0.0653480331474826,0.916837949323115
concrete_point_0898,concrete,regression,40.93,0.330677559314988,anomaly,0.0271001286478645,0.534359370657736,-0.846732596814649,-0.635344323749429,0.133137081079136,-0.0375406251376518,0.254683691135907,-0.279597287383783,-0.279597287383783,0.191386639546772,-0.856471824489096
concrete_point_0320,concrete,regression,15.36,0.365142429218783,nominal,-0.306850824183639,-0.856471824489096,0.697089669682036,-1.09895295310996,1.10403664451512,0.191386639546772,1.43957721948774,-0.675355321142161,2.12661155786715,1.95592712913683,0.280532677543439
concrete_point_0918,concrete,regression,26.92,0.34833933855433,nominal,-1.27425601992189,1.17182366843337,-0.846732596814649,-0.494856860306843,-0.703845301193264,0.348291843431602,0.6787508486513,-0.279597287383783,-0.279597287383783,1.0556513691419,1.46158016742229
concrete_point_0410,concrete,regression,14.94,0.298764573704464,nominal,-1.0886213928465,0.64910294425735,1.1627364666618,-0.284125665142963,0.26705426224272,0.429316661831145,-0.336515816694375,-0.675355321142161,0.701882636336994,-0.52626175199204,-0.856471824489096
concrete_point_0609,concrete,regression,21.95,0.405778249767765,nominal,-0.432202041435579,-0.856471824489096,-0.846732596814649,0.582213692752987,-1.03863825410222,-0.0632627897089354,1.3896869656624,0.701882636336994,-0.675355321142161,1.48135319279664,-0.856471824489096
concrete_point_0694,concrete,regression,17.96,0.396216634206764,nominal,-1.22641204387153,0.325734691385711,-0.846732596814649,0.488555383791262,-1.03863825410222,-1.09214937256028,2.11434290247547,-0.279597287383783,2.12661155786715,-0.02467954285201,0.375572809211806
concrete_point_0885,concrete,regression,23.84,0.334002826189663,nominal,0.180200852009012,-0.856471824489096,1.02835517625825,1.42513847340851,0.635326510442576,-1.2207601954167,-0.568505496982208,-0.279597287383783,0.860185849840345,-0.52626175199204,1.33408730786716
concrete_point_0549,concrete,regression,25.57,0.396351472094451,nominal,0.0749441046982231,-0.856471824489096,-0.846732596814649,0.488555383791262,-1.03863825410222,-0.768050098962105,1.51815436926265,-0.279597287383783,0.701882636336994,1.38746729211146,-0.856471824489096
concrete_point_0105,concrete,regression,33.4,0.360668633213315,nominal,0.360094201958361,1.60645841691675,-0.846732596814649,-1.21134292386403,1.35513135919684,-1.55386222661482,1.33231317376326,-0.61203403574082,-0.61203403574082,0.963051576685279,2.18249433690673
concrete_point_0900,concrete,regression,13.2,0.348359632877144,nominal,-1.30296240555211,-0.856471824489096,1.24711541645009,-0.0265653154982213,0.802722986897056,0.0782091154331244,0.479189833349939,-0.279597287383783,-0.279597287383783,-0.388648171535672,-0.856471824489096
concrete_point_0231,concrete,regression,30.39,0.345134656448564,nominal,-0.645586174620179,0.280532677543439,-0.463902176478933,0.00621509263838172,0.116397433433688,1.19455105782683,0.147419645411425,-0.501221786288474,-0.675355321142161,-1.23104906124521,-0.856471824489096
concrete_point_0608,concrete,regression,18.42,0.37143316669107,nominal,-0.432202041435579,-0.856471824489096,-0.846732596814649,0.582213692752987,-1.03863825410222,-0.0632627897089354,1.3896869656624,-0.279597287383783,0.1636517104256,-0.0632627897089354,-0.856471824489096
concrete_point_0321,concrete,regression,28.68,0.34122000389646,nominal,-0.306850824183639,-0.856471824489096,0.697089669682036,-1.09895295310996,1.10403664451512,0.191386639546772,1.43957721948774,-0.501221786288474,0.860185849840345,0.245403185146468,2.80720934872685
concrete_point_0762,concrete,regression,31.35,0.426014296122783,nominal,0.658640612512599,-0.856471824489096,-0.846732596814649,1.00367608308075,-1.03863825410222,0.0139037040049154,0.0177049854655408,0.701882636336994,0.701882636336994,0.71354658034383,0.487998330819508
concrete_point_0403,concrete,regression,53.58,0.38873341680661,anomaly,0.0366689238579362,1.34567756782672,-0.846732596814649,-0.86949009615374,0.233574966951824,0.746985394286498,-1.10482572560462,-0.279597287383783,-0.61203403574082,1.15854002742703,0.464817810900394
concrete_point_0638,concrete,regression,26.06,0.353333054751224,nominal,0.897860492764393,-0.856471824489096,-0.846732596814649,0.20758045690609,-1.03863825410222,0.83701297028599,-0.194328593292156,-0.61203403574082,-0.61203403574082,0.952762710856766,-0.856471824489096
concrete_point_0746,concrete,regression,22.44,0.273833390870423,nominal,-0.00160625698235075,-0.856471824489096,-0.846732596814649,0.160751302425227,-1.03863825410222,1.68584440113835,0.00523242200920574,-0.279597287383783,-0.675355321142161,-0.52626175199204,-0.856471824489096
concrete_point_0921,concrete,regression,29.07,0.352023976545712,nominal,-1.38908156244275,1.02115028895913,1.12210956491189,-0.448027705825981,0.635326510442576,-0.642011492562816,-0.119493212554145,-0.279597287383783,-0.279597287383783,-1.55386222661482,-0.856471824489096
concrete_point_0056,concrete,regression,14.64,0.314900001893618,nominal,-0.790074982292262,0.678078594156242,-0.846732596814649,0.488555383791262,-1.03863825410222,0.070492466061739,0.647569440010462,-0.61203403574082,-0.279597287383783,1.06851245142754,1.076783536765
concrete_point_0093,concrete,regression,24.1,0.505094255439574,nominal,0.542858190470731,1.33408730786716,-0.846732596814649,-0.31222315783148,0.551628272215336,-0.362926006964389,-0.221768232896093,-0.675355321142161,0.701882636336994,2.07553519439329,-0.856471824489096
concrete_point_0365,concrete,regression,18.02,0.467057593187109,nominal,-0.634103620368093,-0.232915838664933,1.05804406599857,-1.21602583931212,0.568367919860784,0.532205320116279,0.0875513408210176,-0.675355321142161,0.701882636336994,0.374014008002886,1.53691685715941
concrete_point_0973,concrete,regression,23.74,0.350852421035159,nominal,-1.29626424890506,1.14400704453043,-0.846732596814649,0.0155809235345549,-0.469490234156992,0.165664474975488,0.539058137940347,-0.279597287383783,-0.279597287383783,-0.52626175199204,2.04341121739205
concrete_point_0795,concrete,regression,26.74,0.396307680466598,nominal,0.199338442429156,-0.856471824489096,-0.846732596814649,1.00367608308075,-1.03863825410222,0.0139037040049154,0.541552650631614,2.12661155786715,-0.279597287383783,0.39716395611704,-0.856471824489096
concrete_point_0940,concrete,regression,32.72,0.351503679563559,nominal,-1.29435048986304,1.81508309618878,-0.846732596814649,0.980261505840315,-0.469490234156992,-1.87667539198443,1.22504912803878,-0.279597287383783,-0.279597287383783,-0.189301396108224,0.375572809211806
concrete_point_0037,concrete,regression,30.08,0.401843748555891,nominal,-0.417848848620471,1.89621491590568,-0.846732596814649,2.1744049451023,-1.03863825410222,-0.52626175199204,-2.23982900013111,-0.279597287383783,3.55134047939731,0.952762710856766,0.0174337764614967
concrete_point_0627,concrete,regression,9.99,0.300793224676961,nominal,-0.432202041435579,-0.856471824489096,-0.846732596814649,0.535384538272125,-1.03863825410222,-0.0632627897089354,1.3896869656624,-0.61203403574082,-0.279597287383783,-0.487678505135115,-0.856471824489096
concrete_point_0277,concrete,regression,29.65,0.292761834865081,nominal,-0.284842595200474,-0.856471824489096,1.00179143280638,0.324653343108245,-0.0677386906662401,0.71354658034383,-0.198070362329056,-0.279597287383783,-0.279597287383783,0.429316661831145,-0.856471824489096
concrete_point_0159,concrete,regression,71.7,0.385917579457404,anomaly,1.51026338620898,1.19500418835248,-0.846732596814649,0.20758045690609,0.819462634542504,-1.13201872764577,-0.819204022454543,0.1636517104256,-0.279597287383783,-1.5294261702721,-0.856471824489096
concrete_point_0733,concrete,regression,9.01,0.251006306786683,nominal,0.649071817302527,-0.856471824489096,-0.846732596814649,0.488555383791262,-1.03863825410222,1.06851245142754,0.441772142980934,-0.61203403574082,-0.279597287383783,-0.362926006964389,2.42125369207361
concrete_point_0939,concrete,regression,18.29,0.347563686434473,nominal,-1.2091882124934,1.26918185209365,-0.846732596814649,0.549433284616384,0.484669681633544,0.957907143771024,-0.958896733165496,-0.279597287383783,-0.279597287383783,-0.602142137477326,-0.856471824489096
concrete_point_0417,concrete,regression,15.61,0.329614143338236,nominal,-0.647499933662193,-0.856471824489096,1.87526982042951,-1.04744088318102,0.919900520415191,0.909035031085583,-0.0209599612490982,-0.675355321142161,-0.675355321142161,-0.472245206392344,-0.856471824489096
concrete_point_0097,concrete,regression,46.8,0.322387045040856,anomaly,1.37630025326798,0.375572809211806,-0.846732596814649,-1.41270828813174,2.0749362079511,-0.474817422849473,0.375667556662358,-0.61203403574082,-0.279597287383783,-0.362926006964389,-0.856471824489096
concrete_point_0925,concrete,regression,26.97,0.412810615469352,nominal,-1.38908156244275,1.41521912758406,0.684589084528216,0.816359465157298,-0.0342593953753441,-1.61945374627159,0.117485493116221,-0.279597287383783,-0.279597287383783,-1.6837591576998,-0.856471824489096
concrete_point_0385,concrete,regression,41.37,0.327727081471366,anomaly,2.24706061738451,-0.856471824489096,-0.846732596814649,-0.916319250634602,0.334012852824512,-2.21106353141111,0.354464198786588,-0.279597287383783,-0.279597287383783,-0.44652304182106,0.277055599555572
concrete_point_0197,concrete,regression,25.72,0.391208006612385,nominal,-0.827393283611542,-0.856471824489096,0.723653413133902,-0.747734294503499,0.216835319306376,0.430602770059709,1.6503635418998,-0.279597287383783,-0.279597287383783,-0.768050098962105,-0.305934476410142
concrete_point_0081,concrete,regression,33.4,0.483933950323978,nominal,1.37630025326798,0.375572809211806,-0.846732596814649,-1.31436706372193,1.7234036073967,-1.55386222661482,1.4158793489207,-0.675355321142161,-0.675355321142161,1.68584440113835,1.02578639294295
concrete_point_0842,concrete,regression,30.12,0.348393691763176,nominal,0.228044828059371,-0.856471824489096,0.715840547412765,0.675872001714711,0.635326510442576,-0.179012530279712,-0.855374456477915,-0.279597287383783,-0.675355321142161,1.10323737359878,1.22977496823115
concrete_point_0030,concrete,regression,38.6,0.378285423909321,anomaly,1.85474001377157,-0.856471824489096,-0.846732596814649,2.1744049451023,-1.03863825410222,-0.52626175199204,-2.23982900013111,-0.61203403574082,-0.279597287383783,0.429316661831145,-0.856471824489096
concrete_point_0371,concrete,regression,26.05,0.331891813882407,nominal,-0.595828439527806,-0.856471824489096,1.09242067517157,-1.08022129131762,0.8529419298334,1.36045901931161,0.265908998246609,-0.501221786288474,-0.279597287383783,0.0126175957763509,-0.856471824489096
concrete_point_0710,concrete,regression,32.1,0.413428438405862,nominal,-1.0350361396701,0.487998330819508,-0.846732596814649,0.488555383791262,-1.03863825410222,-0.335917734164542,1.03796067619375,0.701882636336994,0.701882636336994,0.50776926377356,-0.856471824489096
concrete_point_0247,concrete,regression,30.23,0.363833642076166,nominal,-0.412107571494428,-0.856471824489096,0.623648731903347,0.240360865042692,0.133137081079136,-0.296048379079052,0.915729554321667,-0.279597287383783,-0.675355321142161,1.89162171770862,-0.856471824489096
concrete_point_0398,concrete,regression,29.16,0.435101893231566,nominal,-1.30296240555211,0.487998330819508,1.01272944481597,0.113922147944365,-0.0844783383116881,-1.79950889827058,1.32732414838072,-0.279597287383783,-0.675355321142161,0.428030553602582,0.795140219747767
concrete_point_0616,concrete,regression,32.33,0.420244488469431,nominal,-0.0398814378226377,-0.856471824489096,-0.846732596814649,0.4417262293104,-1.03863825410222,-0.0632627897089354,1.02798262542868,2.12661155786715,-0.279597287383783,-0.999549580103657,-0.275799800515294
concrete_point_0601,concrete,regression,27.04,0.27687392836631,nominal,0.55338386520181,-0.856471824489096,-0.846732596814649,0.722701156195573,-1.03863825410222,-0.0632627897089354,0.0925403662035513,-0.501221786288474,-0.279597287383783,-0.296048379079052,-0.856471824489096
concrete_point_0427,concrete,regression,29.55,0.404454933507652,nominal,-1.02738110350204,0.226058455733522,1.65182186080499,-0.433978959481721,0.585107567506232,0.440891635888224,-0.336515816694375,-0.501221786288474,-0.279597287383783,-0.52626175199204,-0.367362854195794
concrete_point_0678,concrete,regression,7.68,0.339002922311584,nominal,-1.71442059958519,0.916837949323115,-0.846732596814649,0.488555383791262,-1.03863825410222,-1.10501045484592,2.1006230826735,-0.61203403574082,-0.675355321142161,-0.0375406251376518,-0.856471824489096
concrete_point_0252,concrete,regression,29.22,0.327950820172411,nominal,-0.298238908494575,-0.856471824489096,0.648649902210986,0.273141273179297,-0.117957633602584,-0.20602080307956,1.09283995540163,-0.279597287383783,-0.61203403574082,1.02092644697067,1.26918185209365
concrete_point_0509,concrete,regression,32.01,0.412754755683494,nominal,1.36673145805791,-0.601486105378844,1.21586395356554,-0.167052778940808,0.384231795760856,-1.16931586627413,-0.294109100942836,-0.675355321142161,-0.61203403574082,-2.04258335346921,-0.856471824489096
concrete_point_0967,concrete,regression,12.46,0.348932338311732,nominal,-1.2091882124934,-0.856471824489096,1.3846218531421,0.549433284616384,0.484669681633544,0.957907143771024,-0.958896733165496,-0.279597287383783,-0.279597287383783,-0.449095258278189,1.57748276701786
concrete_point_0673,concrete,regression,6.94,0.346424430417622,nominal,-1.0350361396701,0.487998330819508,-0.846732596814649,0.488555383791262,-1.03863825410222,-0.335917734164542,1.03796067619375,-0.675355321142161,0.1636517104256,-0.388648171535672,-0.856471824489096
concrete_point_0656,concrete,regression,33.95,0.396222129007691,nominal,-1.09436266997254,2.04341121739205,-0.846732596814649,1.02709066032118,-1.03863825410222,0.0344814356619426,-1.01003424333647,-0.279597287383783,-0.279597287383783,-1.16931586627413,1.60066328693697
concrete_point_0833,concrete,regression,19.99,0.347366994592691,nominal,-1.28382481513196,0.476408070859951,0.543957501547749,0.956846928599884,0.467930033988096,-1.45225967655825,0.691223412107635,-0.279597287383783,-0.501221786288474,0.429316661831145,-0.223643630697288
concrete_point_0169,concrete,regression,70.7,0.389149349130319,anomaly,1.79732724251114,0.501906642770977,-0.846732596814649,-2.04958478907147,4.35152828773203,-1.55386222661482,0.834657891855489,0.717712957687329,-0.279597287383783,0.191386639546772,-0.856471824489096
concrete_point_0952,concrete,regression,19.01,0.347496666773735,nominal,-1.22928268243455,0.820638791658792,-0.846732596814649,-0.162369863492722,0.300533557533616,0.34443351874591,0.606409980604557,-0.279597287383783,-0.279597287383783,0.440891635888224,-0.856471824489096
concrete_point_0322,concrete,regression,30.85,0.386948864682522,nominal,-0.306850824183639,-0.856471824489096,0.697089669682036,-1.09895295310996,1.10403664451512,0.191386639546772,1.43957721948774,-0.279597287383783,-0.61203403574082,-0.52626175199204,-0.856471824489096
concrete_point_0767,concrete,regression,27.92,0.283879154372315,nominal,0.99354844486511,-0.856471824489096,-0.846732596814649,0.20758045690609,-1.03863825410222,-0.0889849542802189,-0.13196577601048,-0.501221786288474,-0.501221786288474,0.322569678860318,-0.856471824489096
concrete_point_0079,concrete,regression,28.1,0.504882126658671,nominal,1.02799610762137,0.268942417583882,-0.846732596814649,-1.10831878400614,0.986859110996984,-1.55386222661482,1.89732029833524,-0.675355321142161,-0.279597287383783,0.951476602628203,1.87882952596634
concrete_point_0188,concrete,regression,29.45,0.419350471764265,nominal,-0.562337656292554,-0.856471824489096,0.66427563365326,0.362116666692935,-0.285354110057064,-0.0748377637660127,1.20634028285427,0.1636517104256,-0.279597287383783,0.952762710856766,-0.856471824489096
concrete_point_0546,concrete,regression,18.75,0.396221237186844,nominal,-0.250394932444216,-0.856471824489096,-0.846732596814649,0.488555383791262,-1.03863825410222,-1.06899942444612,2.1380407730425,-0.279597287383783,-0.675355321142161,-0.397650929135622,1.19500418835248
concrete_point_0779,concrete,regression,14.8,0.335345604444,nominal,0.132356875958654,-0.856471824489096,-0.846732596814649,0.160751302425227,-1.03863825410222,1.23570652114089,-0.0571303952724697,-0.61203403574082,-0.675355321142161,0.0782091154331244,1.62384380685609
concrete_point_0290,concrete,regression,7.32,0.36813930711275,nominal,-0.948916982779453,-0.332592074317123,1.0596066391428,-0.532320183891533,0.334012852824512,1.11224013119873,0.0887985971666514,-0.675355321142161,-0.279597287383783,-0.308909461364694,0.375572809211806
concrete_point_0376,concrete,regression,25.62,0.338654938652882,nominal,0.907429287974464,-0.856471824489096,-0.846732596814649,1.54689427505875,-1.03863825410222,0.393305631431348,-0.139449314084281,-0.501221786288474,-0.501221786288474,0.515485913144945,0.963198989161343
concrete_point_0243,concrete,regression,31.35,0.408914949768495,nominal,-0.492485451259031,-0.856471824489096,1.00022885966215,0.638408678130021,-0.0175197477298962,0.709688255658135,-0.199317618674689,0.1636517104256,0.1636517104256,2.07553519439329,-0.856471824489096
concrete_point_0576,concrete,regression,17.58,0.234062158129839,nominal,-0.412107571494428,-0.856471824489096,-0.846732596814649,0.19353171056183,-1.03863825410222,1.87618841896585,0.196062642891132,-0.279597287383783,-0.61203403574082,0.0126175957763509,-0.856471824489096
concrete_point_0579,concrete,regression,17.2,0.382859398155224,nominal,-0.838875837863628,2.50702161577433,-0.846732596814649,0.19353171056183,-1.03863825410222,0.325141895317447,-0.86410525089735,-0.61203403574082,-0.675355321142161,-0.88637205599001,0.0243879324372308
concrete_point_0433,concrete,regression,26.2,0.380526440101919,nominal,-1.11158650135067,-0.856471824489096,1.39712243829592,-0.83202677256905,-1.03863825410222,0.420313904231196,1.58800072461813,-0.279597287383783,0.1636517104256,-1.55386222661482,0.501906642770977
concrete_point_0526,concrete,regression,25.12,0.495078668343549,nominal,0.744759769403245,-0.636256885257514,1.356495536546,-1.2909524864815,0.785983339251608,-0.397650929135622,0.341991635330253,-0.675355321142161,-0.501221786288474,0.165664474975488,1.54271198713919
concrete_point_0256,concrete,regression,26.31,0.314763562135593,nominal,-0.657068728872265,-0.856471824489096,0.722090839989674,-1.04275796773293,0.417711091051752,0.448608285259607,1.62167664595023,-0.501221786288474,-0.279597287383783,-0.0748377637660127,-0.856471824489096
concrete_point_0615,concrete,regression,31.25,0.419773930087253,nominal,-0.0398814378226377,-0.856471824489096,-0.846732596814649,0.4417262293104,-1.03863825410222,-0.0632627897089354,1.02798262542868,0.701882636336994,-0.61203403574082,-0.281901188564846,-0.275799800515294
concrete_point_0581,concrete,regression,21.86,0.381369962528292,nominal,0.0864266589503091,1.38624347768517,-0.846732596814649,0.19353171056183,-1.03863825410222,0.325141895317447,-0.86410525089735,-0.61203403574082,-0.279597287383783,1.38746729211146,-0.856471824489096
concrete_point_0689,concrete,regression,2.33,0.346403152931801,nominal,-1.65413718976174,1.02578639294295,-0.846732596814649,1.02709066032118,-1.03863825410222,-0.44652304182106,0.940674681234337,-0.675355321142161,-0.501221786288474,0.734124312000856,1.03274054891868
concrete_point_0965,concrete,regression,29.87,0.353402181147629,nominal,-1.3154018393252,1.11619042062749,1.2252393924309,0.469823721998917,0.384231795760856,-2.04258335346921,0.395623658192493,-0.279597287383783,0.860185849840345,0.669818900572647,-0.856471824489096
concrete_point_0642,concrete,regression,12.73,0.368851032904664,nominal,-0.298238908494575,-0.856471824489096,-0.846732596814649,0.0202638389826409,-1.03863825410222,1.63440007199578,0.57897034100062,-0.61203403574082,0.1636517104256,-2.21106353141111,-0.856471824489096
concrete_point_0282,concrete,regression,32.66,0.298995813576952,nominal,-0.284842595200474,-0.856471824489096,1.00179143280638,0.324653343108245,0.0326991952064479,0.71354658034383,-0.198070362329056,-0.279597287383783,-0.61203403574082,-1.6837591576998,-0.223643630697288
concrete_point_0572,concrete,regression,39.7,0.389353638639336,anomaly,-0.508752403116153,3.10855610767533,-0.846732596814649,0.19353171056183,-1.03863825410222,-0.220167993593766,-1.2382821545874,-0.279597287383783,0.1636517104256,-0.472245206392344,-0.856471824489096
concrete_point_0271,concrete,regression,26.77,0.32918575520529,nominal,-0.47239098131788,-0.856471824489096,1.05335634656589,-0.354369396864256,0.0829181381427919,1.0736568843418,0.0613589575627136,-0.501221786288474,-0.279597287383783,0.952762710856766,-0.856471824489096
concrete_point_0729,concrete,regression,31.74,0.365546196275363,nominal,0.476833503521236,-0.856471824489096,-0.846732596814649,0.488555383791262,-1.03863825410222,0.669818900572647,0.591442904456955,-0.279597287383783,-0.279597287383783,0.393305631431348,0.824115869646659
concrete_point_0690,concrete,regression,16.89,0.338834880336961,nominal,-1.18813686303125,1.87882952596634,-0.846732596814649,0.488555383791262,-1.03863825410222,-0.482534072220858,0.0950348788948189,-0.61203403574082,-0.279597287383783,-0.150718149251299,0.244602871668813
concrete_point_0543,concrete,regression,21.86,0.413119126606708,nominal,-0.250394932444216,-0.856471824489096,-0.846732596814649,0.488555383791262,-1.03863825410222,-1.06899942444612,2.1380407730425,0.701882636336994,-0.279597287383783,1.69356105050973,-0.856471824489096
concrete_point_0240,concrete,regression,13.36,0.308882055501077,nominal,-0.492485451259031,-0.856471824489096,1.00022885966215,0.638408678130021,-0.0175197477298962,0.709688255658135,-0.199317618674689,-0.675355321142161,0.860185849840345,-1.06899942444612,-0.856471824489096
concrete_point_0454,concrete,regression,31.72,0.440414784111784,nominal,-0.869495982535857,-0.856471824489096,1.10960897975807,-0.700905140022636,0.618586862797128,1.3643173439973,0.315799252071949,0.1636517104256,-0.675355321142161,-1.94098080341264,0.375572809211806
concrete_point_0424,concrete,regression,29.75,0.337645195309166,nominal,-1.04077741679614,-0.698844289039122,1.84714350383341,-1.15983085393508,-0.352312700638856,0.429316661831145,1.03297165081122,-0.501221786288474,-0.279597287383783,-0.693455821705383,-0.856471824489096
concrete_point_0550,concrete,regression,41.68,0.387809680124725,anomaly,0.49597109394138,-0.856471824489096,-0.846732596814649,0.488555383791262,-1.03863825410222,-0.536550617820553,0.860850275113793,0.701882636336994,-0.279597287383783,-0.229170751193714,-0.416041946025933
concrete_point_0735,concrete,regression,40.66,0.33810931399834,anomaly,0.649071817302527,-0.856471824489096,-0.846732596814649,0.488555383791262,-1.03863825410222,1.06851245142754,0.441772142980934,0.701882636336994,2.12661155786715,0.374014008002886,-0.856471824489096
concrete_point_0226,concrete,regression,17.82,0.338122142747334,nominal,-1.08288011572046,-0.368521880191749,1.71276221342986,-2.79885126076526,-0.0844783383116881,1.10323737359878,0.08131505909285,-0.501221786288474,0.1636517104256,-0.44652304182106,-0.856471824489096
concrete_point_0873,concrete,regression,32.4,0.351490408680665,nominal,-0.192982161183785,0.302554171466597,0.372074455682734,0.910017774119022,0.467930033988096,-1.40081534741568,-0.15691090292315,-0.279597287383783,-0.279597287383783,0.0139037040049154,-0.856471824489096
concrete_point_0558,concrete,regression,17.24,0.365326771460074,nominal,-0.24561053483918,1.11734944662345,-0.846732596814649,0.19353171056183,-1.03863825410222,0.690396632229673,-0.614653981770648,-0.61203403574082,-0.279597287383783,-0.0761238719945772,1.32249704790761
concrete_point_0193,concrete,regression,27.66,0.417778000609432,nominal,-0.453253390897737,-0.856471824489096,0.631461597624484,0.764847395228349,-0.268614462411616,-0.333345517707413,0.98058688429461,0.1636517104256,-0.279597287383783,-1.33650993598747,-0.856471824489096
concrete_point_0071,concrete,regression,34.4,0.514532025577416,nominal,0.888291697554321,1.33640535985908,-0.846732596814649,-0.537003099339619,0.652066158088024,-0.602142137477326,-0.210542925785391,-0.675355321142161,-0.61203403574082,-0.536550617820553,1.8904197859259
concrete_point_0571,concrete,regression,25.22,0.259154019036504,nominal,0.140011912126711,-0.856471824489096,-0.846732596814649,0.19353171056183,-1.03863825410222,1.52379476433926,-0.0533886262355697,-0.279597287383783,0.1636517104256,-1.55386222661482,0.29096391150704
concrete_point_0904,concrete,regression,12.46,0.348921348361098,nominal,-1.20727445345139,-0.856471824489096,1.38774699943055,0.535384538272125,0.467930033988096,0.952762710856766,-0.955154964128596,-0.279597287383783,-0.279597287383783,1.19712327428396,-0.856471824489096
concrete_point_0822,concrete,regression,20.77,0.339195348279818,nominal,0.39071434663059,-0.856471824489096,-0.846732596814649,1.00367608308075,-1.03863825410222,0.0139037040049154,0.329519071873918,-0.501221786288474,-0.279597287383783,-0.52626175199204,-0.856471824489096
concrete_point_0713,concrete,regression,21.48,0.361119657350855,nominal,-0.853229030678735,2.4815230438633,-0.846732596814649,0.488555383791262,-1.03863825410222,-0.554556133020452,-0.716929002112595,-0.61203403574082,-0.501221786288474,-0.189301396108224,-0.856471824489096
concrete_point_0325,concrete,regression,21.78,0.460856422284277,nominal,-0.27623067951141,-0.856471824489096,0.697089669682036,-1.65153697598414,1.33839171155139,0.191386639546772,1.43957721948774,-0.675355321142161,-0.279597287383783,0.422886120688324,0.464817810900394
concrete_point_0566,concrete,regression,14.84,0.272468061343855,nominal,0.140011912126711,-0.856471824489096,-0.846732596814649,0.19353171056183,-1.03863825410222,1.52379476433926,-0.0533886262355697,-0.61203403574082,-0.279597287383783,0.50776926377356,-0.856471824489096
concrete_point_0276,concrete,regression,29.93,0.235945407448886,nominal,-0.284842595200474,-0.856471824489096,1.00179143280638,0.324653343108245,-0.0677386906662401,0.71354658034383,-0.198070362329056,-0.501221786288474,-0.501221786288474,-0.371928764564338,0.627081450334191
concrete_point_0201,concrete,regression,21.06,0.302795284499673,nominal,-0.865668464451829,-0.856471824489096,1.11273412604653,-0.911636335186516,0.26705426224272,1.50578924913936,0.379409325699258,-0.501221786288474,-0.61203403574082,0.422886120688324,1.36885808774584
concrete_point_0612,concrete,regression,21.26,0.319602167518056,nominal,-0.0398814378226377,-0.856471824489096,-0.846732596814649,0.4417262293104,-1.03863825410222,-0.0632627897089354,1.02798262542868,-0.501221786288474,-0.279597287383783,-0.474817422849473,2.15351868700784
concrete_point_0287,concrete,regression,27.77,0.380291540082314,nominal,-0.954658259905496,-0.856471824489096,1.76276455404513,-0.56041767658005,0.233574966951824,1.06336801851328,0.0526281631432785,-0.279597287383783,-0.501221786288474,1.19455105782683,2.42125369207361
concrete_point_0489,concrete,regression,22.75,0.496748813205562,nominal,1.01268603528525,-0.624666625297958,0.62208615875912,-1.15046502303891,1.35513135919684,-0.449095258278189,0.890784427408997,-0.675355321142161,0.860185849840345,1.46463378582531,-0.856471824489096
concrete_point_0135,concrete,regression,71.3,0.240548326688139,anomaly,0.779207432159503,1.33408730786716,-0.846732596814649,-0.780514702640102,0.903160872769744,-0.362926006964389,-0.221768232896093,-0.279597287383783,-0.279597287383783,-0.189301396108224,-0.57830558545973
concrete_point_0897,concrete,regression,52.44,0.331652285387782,anomaly,0.304595189739945,1.00956002899957,-0.846732596814649,-0.167052778940808,0.635326510442576,-0.719177986276667,-0.18185602983582,-0.279597287383783,-0.279597287383783,1.037645853942,2.18249433690673
concrete_point_0198,concrete,regression,33.96,0.446290011429095,nominal,-0.827393283611542,-0.856471824489096,0.723653413133902,-0.747734294503499,0.216835319306376,0.430602770059709,1.6503635418998,0.1636517104256,-0.279597287383783,1.48135319279664,-0.856471824489096
concrete_point_0935,concrete,regression,22.93,0.412712470378533,nominal,-0.929779392359309,0.1402905320328,2.12215637721744,1.47196762788937,-0.0342593953753441,-0.642011492562816,-1.87812465989739,-0.279597287383783,0.701882636336994,0.862735134857274,-0.305934476410142
concrete_point_0905,concrete,regression,23.79,0.346594269651519,nominal,-1.20727445345139,1.26454574810982,-0.846732596814649,0.535384538272125,0.467930033988096,-1.23362127770234,1.1776533869047,-0.279597287383783,-0.279597287383783,-0.585422730505992,-0.856471824489096
concrete_point_0345,concrete,regression,17.57,0.329728454083438,nominal,-0.645586174620179,-0.856471824489096,1.88308268615064,-1.25348916289681,0.668805805733471,1.03635974571344,0.0351665743044097,-0.675355321142161,0.1636517104256,-0.52626175199204,3.10855610767533
